0.06203891648217294
0.1317733401252933
0.1022660454606843
0.1255063777580451
0.004570086725290447
-0.02119270557062271
-0.1287014741277313
0.05563803271718232
0.06433003214112638
0.1306011541929834
0.1295241333715747
0.1010338188604996
-0.03347179810002467
0.09630074981424185
-0.06241956918129912
-0.06232855329410508
-0.09187697313493566
0.05316710038316481
-0.06560130325141181
-0.1466872024729592
0.07592324829458377
-0.004203917298117784
0.1022083929434823
0.04263211089547277
-0.1424159375801342
-0.06475599756985941
0.112676439296278
-0.07701982327235433
-0.003016907096944691
-0.1333176971964195
0.1311070496682709
-0.09099186250877904
0.1485484941905341
0.083314801209601
-0.1155314715691609
0.003029772150039401
-0.0879483717941576
-0.09421549963786034
-0.09135496561844
0.1264071779198115
-0.1136001466894712
-0.1118143423083933
0.07754176107996172
0.002936432745622931
0.1345489599123601
-0.1348730013425824
0.09065059334564526
-0.1072442141201426
0.06832470760806739
-0.1249036597870021
-0.1039539605348787
-0.005796732049931835
0.02089632928324784
0.148242107463277
-0.1131983078812476
0.02849823717147826
-0.06650243448204839
0.1496251351077867
0.1014966126837469
0.08047564991242061
-0.1336842803178507
0.08251556678283656
0.1394932167593163
-0.1351719628067233
0.015808378608409
-0.1260208195657556
0.01785193873489045
0.07793153824136315
-0.07018348336801601
0.07652968728704729
0.05446314707584427
-0.03372733725547689
0.1148533662045977
-0.01795257896574924
0.1192338768969463
0.09946597216999604
-0.002809525057119988
0.05992613571943521
0.142249455312669
-0.08453039925053969
0.08501777209247263
-0.1117550607175618
0.05971303529852533
-0.04406372192011813
-0.1135317204382775
0.09655625556095106
0.1343285039053788
-0.03004566294974274
0.09616547874673324
0.08577317146034838
-0.09952951591943567
0.1124525890515859
0.01833672695357888
-0.1099867303633912
0.1272926149734772
-0.1157159915794216
-0.08593547670112797
-0.004713124943456713
0.1123211415923879
-0.006087999867808297
-0.07804624931371716
0.01681190303135001
0.1102579773518529
-0.113155400286503
0.1488381200393816
0.0794066001505831
0.1362001525712832
-0.004075761491794268
-0.01066699189090277
0.1283823830082373
0.06144211434586321
-0.07562899693905689
-0.133353467273471
-0.0288129603022312
0.03030036941984693
-0.09683554474012908
-0.08221422487675034
0.01469110713695356
0.02318713875278025
-0.1360152469761518
-0.04948005604977814
0.07368746676410429
0.1264837832020025
0.118969970563089
0.1137436739975713
0.103900128518328
-0.1466705404546514
-0.1221363177441252
-0.05079118410722622
0.1156132109222356
0.02170261304118189
0.02104361933642353
-0.01770817025719701
-0.01805950143321887
0.0578205319513684
-0.01889112122426699
-0.0885837577846221
0.04407289542303304
0.1271162181570187
0.05080877202333411
0.0225538884746773
0.03863498359288794
0.1252379540812891
0.0392565451460772
-0.1401354892661516
0.005520536591137077
0.09243316854697911
-0.07237887930474364
-0.1297394036714498
-0.03433397031217753
-0.02908502292892493
-0.110592094552958
-0.08180039772315616
-0.06012070131556695
-0.1468422403797459
-0.1279002002069413
-0.05681190877031706
-0.1189486845716257
-0.02875502837643426
-0.09124861367812301
0.05283038800154385
0.1423713641574131
0.04116388510466167
-0.1152149647158228
0.05024423953760309
-0.127694946328294
-0.0537541283692104
-0.05564158293775041
0.149407407575837
0.1470688311094464
0.1169831674497811
0.03811046416367562
0.1223761750484269
0.006206402248410366
0.04792716623524749
-0.02210586696013075
-0.05134982317534409
0.1255558901951536
-0.001817724586820273
0.06427762994498508
-0.08277731499664909
0.1190886771853859
0.1037252605828659
-0.0146269802617155
-0.09106945831117384
0.1068474027429396
0.007421544322383725
0.002103503419394951
0.1378114256241573
0.1286049596291211
0.06087793190832587
0.04065253604371648
0.1209971141077738
-0.04808315885696323
0.07537732333924452
0.02123511692675831
-0.02573998436267469
-0.1283188185535195
0.1155637862710311
-0.02631300503627487
-0.1313236026996117
0.08243084144066355
-0.1383057303493751
0.1410128657941574
-0.06142297229127118
0.05957509791249992
-0.03108862785189921
0.03723243477852953
0.03511668665354827
0.1170465020007012
-0.04851384658355219
0.1022948040801293
0.08610313042526044
-0.09487342422207966
-0.06243518680257149
0.1450697562176177
-0.1379559061113383
0.09509158241587945
-0.002862745360246847
0.1498304163543348
0.0737053699437364
-0.09203044674580506
0.04050774177642202
0.04465413687398032
0.009881704637933334
-0.03418566924914863
-0.08420666269474453
0.1340741374994366
-0.01256501979179885
-0.1187154507615419
-0.04234200757750315
0.006085470723339639
0.1137084803590177
-0.03065833761899559
-0.002928904159803152
-0.09769655202880904
-0.1210548591184729
0.1160099240378191
0.08948941500395986
0.06398947161450426
0.0830651060300671
-0.1090132513817378
0.01633589627808997
0.0191399551836117
-0.05393768943387397
0.1039280590130183
0.01414903911430767
-0.04190671751965281
0.04894861202733201
-0.138801340021908
-0.0421543345241726
-0.02748796320397257
-0.08088290443832198
0.1482870437129296
-0.1328658519688946
0.07893533721328835
-0.03597063819584426
-0.06709773543318882
0.06297128886454563
0.1014292225528932
-0.03577387789485519
-0.1293094838176409
-0.04235781712182237
-0.07207691066147395
-0.009991824664874121
0.1047001550044367
-0.01981812563384525
0.0189633124234545
0.07065398583818863
-0.08040173559074529
-0.06708621196472564
0.003625890614841227
-0.03946417957329406
0.09917782473790313
-0.1273038604193457
0.05652683048366974
0.05298338262011463
0.03677428617735499
-0.1354303526860075
-0.04811074326634384
0.04794078207289353
-0.02758776912346838
0.07443492100103863
0.1170695909795795
-0.0293214481186966
0.09153558902986682
0.04600655308592561
0.08477768223591341
-0.1255282648974151
-0.04102853597081609
0.03623420174730407
-0.01132449863704171
-0.02028401727095131
0.1438150722098484
0.06651352419368124
0.1196010923209723
0.09838427326088033
-0.1033841635105992
-0.01149040531685954
0.01897140365362514
0.07133543371486528
-0.1275138565077506
0.07655882876112391
0.02044304613857201
-0.10483164245094
-0.0168393796131878
-0.07655817980171363
0.08188134182100536
-0.002308393453475952
0.02532196343657257
-0.02012307983564523
0.1201059096900354
-0.05029299323739306
-0.05310721268779184
-0.05920853918603872
-0.1087179096599732
0.1428871582763618
-0.1245250003207427
-0.08434017614017433
-0.04815548524828223
0.06170559679375653
0.0542715399448301
0.08143828869322545
0.05537312109932525
-0.0292948257489483
0.05098580534983974
0.003717659673644044
0.01719635866799413
-0.1105446318024611
-0.1273580094028962
0.1333618657349613
0.1108415559939828
-0.1048871963423569
0.05996999216637571
-0.0187214709106364
-0.05966941205091267
-0.1068537925163168
0.05471186269396323
-0.1277436178848466
0.04086887213117337
-0.06990370218621571
0.002169316143263351
0.01096069806033946
0.02980912331318178
0.09904033170277732
0.1018096696082034
0.07112432093992807
0.0919305944511212
0.1272671905534088
0.1367614669766682
-0.1062508093017489
0.0389161630839896
0.04097471670759523
0.1251727373638017
-0.05573325194178854
-0.1382967165432499
0.02626479288079574
0.09798550309820567
0.02894147406583408
0.06573849333295866
0.1206812336096057
0.01238094558561845
0.02656210086605482
-0.1341750144331212
-0.07763582519672031
-0.1421053667878459
-0.04381185776526152
-0.03451623567034927
0.06260976524874481
-0.0215686382239598
-0.1436090087175761
0.1427567069227823
0.1305941941999841
0.01734976729730713
0.02253523401270517
0.07963327829395382
-0.03086046529077864
-0.05639895362006959
0.02154257082714354
-0.05362349001824507
-0.06964524360129948
0.06536331883979483
0.1352926515304789
0.1213637467131867
0.04060416543367444
-0.07034490975086598
0.1331530823761137
-0.08311919628622506
-0.122361271125621
0.01211506015249901
0.1326845137689948
0.1483513942177809
-0.125500476822112
0.009248144924894806
-0.1358179614293126
-0.05318803743322273
0.0171108157775072
-0.02967802595291335
0.06228957709043884
-0.0702713930451038
0.09875953195716018
0.06869957770588317
-0.07750712785137037
0.07934965200331304
-0.06391942987819142
0.095040793980418
0.009037862802683856
0.0552517575646079
-0.1113195894833658
-0.1193700335919205
-0.1483637217098638
-0.03093719885820252
0.09600315596635328
0.1369381923061212
-0.05953774816032753
-0.01331644951519255
-0.08335232771452032
-0.07635683266436141
0.05358723257996575
-0.05571173113550008
0.08573192479054798
0.03622743014226189
-0.05738531798383019
0.1101968722722994
-0.1045565279203537
-0.04320711981867621
-0.09296080114537586
0.06260524705270613
0.07709824811316579
0.1193709900782287
0.1424222913251738
0.02593362734257123
0.03813192672321946
-0.08509570331120669
-0.04468160969309158
0.1242119918828335
-0.1400519411119755
0.1143402722191145
0.02943285964531707
-0.1013794957471212
0.1450016734407038
0.03112815782953045
0.01771432621499826
0.09102722684790394
0.01812838935811407
0.108259138111809
-0.0722506097104076
0.08479357569073068
-0.1181220251651721
0.1313063064298672
0.1175809272929887
0.01757130531873091
-0.02831445415202572
0.07782474652452918
0.06303369195310225
0.07846209345457213
0.1349012738347003
-0.02435637674119338
0.005610656467390047
0.1042556144009508
-0.03193343022130158
-0.1183819934904339
-0.007585048185660789
0.03297684526983063
-0.0131236115894205
-0.03337816661421215
0.04297825931736284
-0.04876766389324947
0.1461014384499069
0.09159565452796867
-0.05374452080549201
0.02730723800935211
-0.04065106969554343
-0.1126906514375098
-0.1045763519424378
-0.08242827986031123
-0.03495375201860923
0.1302175276458814
-0.05054874105847673
-0.05364613240401956
-0.1407388910759328
-0.08292078533383741
0.1139704320780772
-0.01900585836885008
0.1449103325318982
0.02694569546803356
-0.09052187411638431
0.129829399712238
-0.1473641853560627
0.06511626867883406
0.08409494109020382
-0.02926183013008318
0.09676494364543498
-0.07348015365348722
-0.146282210101064
-0.0664068021659788
0.04316309489633178
0.04671299939890341
0.03484865871883584
0.03927589872377637
-0.01170335113237213
0.1311126666027334
-0.08340789888333378
0.09764174966626162
-0.1315621184026247
-0.03803728861462037
-0.1347629861098558
-0.01644425840241817
-0.05782262818934249
-0.0352851113072223
0.07984700413872596
-0.04855004709434542
0.03182934551329483
0.04379283004786379
0.08244307468180055
0.02669688161990645
-0.07921810583538415
0.1420069581676071
0.006516373669998601
-0.07657830477067787
0.0571011220962531
-0.05935322713496115
0.04424907298056734
0.003850841439587307
0.01717628829004826
0.0479208405029711
0.08746636831843843
-0.08963913575145376
-0.0553680128135612
-0.02766471225361732
0.09958051767703562
0.08287787381920282
-0.04651255466694412
-0.1338224216354726
0.0305479204751181
-0.02811464736613793
-0.02186044059179275
0.04583191770988532
0.1054358582853859
0.07032817206135315
-0.1395227582510237
0.03527513210240377
-0.1281937830792332
0.04231020224881273
-0.0709122541238488
0.1042542721566433
-0.08097085031551854
-5.710868798675532e-05
0.09626416718907192
0.07556591533841615
0.0733345887028828
0.00337532259420194
-0.1337830019851254
-0.03239024753596587
-0.1427796187628247
0.03333293805223286
-0.1345384793701826
0.09468757101439573
0.09374635672401356
-0.03992835559961861
-0.08299007599933568
0.04333655163966082
-0.1069842376738224
0.02056170863611408
0.05951046746788778
0.07349664699493681
0.1423816719966577
-0.1123440177341405
-0.03060596476340076
0.09781746214994057
0.1079629298868836
-0.02013201607110427
-0.01686270559753614
0.1298465240613791
-0.1277995523065063
0.06222761659753548
0.08410453003198443
-0.05875056647256124
-0.08777419847145389
0.0303618602036436
-0.1332102173868077
0.1355494990846019
-0.1162607947859846
-0.1168967217613219
-0.04687284523783702
-0.1090648584648132
0.06644596221866705
-0.03138439511796898
0.1357299220784141
0.01016029743181522
0.07863356899458306
-0.09731560409241401
-0.09652675501815705
0.1217182465147675
0.07320809221529134
0.1129738106889958
0.04525981995089323
0.06567003903600691
-0.1492651163353466
-0.135347395844283
0.1087131212725254
-0.005454474028829721
0.1467420695933394
0.08858025960338972
0.01680379711053
0.05894532487934966
0.02266420790772279
0.1081111595019648
0.1212019470470185
-0.09693554696429187
0.1248691731155341
0.1067362212948307
-0.06313352738175658
-0.14198083227302
-0.09010002528344874
-0.02223100248531304
0.07441995622498937
0.02855007610424018
-0.03649251771376343
-0.0653705035031753
-0.04281429678586322
0.01617030342049661
-0.01185768326508991
-0.07107229790647476
-0.06053495792898317
-0.04886788577696915
0.1241723153408865
-0.1448738936407934
-0.04811894074254496
0.1388469893913825
0.01865180950450645
-0.08943268976362111
-0.01655207848947775
0.01540330198786289
0.1491471882253093
-0.1498207073673223
-0.07573189888007227
0.02185442100294355
0.1083194674028843
-0.1045359441860687
0.0748569347686379
0.08311582943684863
-0.1477679290043489
-0.1382771441773036
0.09111873150514946
-0.08798105978363988
-0.01061557272173713
0.01547643313194399
0.09049212861069265
0.1028423757133032
0.1000367941425843
-0.1023647810323066
-0.03095208100843772
-0.0617939220600309
-0.02341483414537563
0.05849137116345061
0.0392769444694947
-0.04920620816077904
0.06367553266713678
0.1411468588117628
-0.06033858810593128
-0.06775748550871338
-0.09825803496096941
0.07315183436740233
0.09760459866135186
-0.09913991207530676
0.07325126270163089
-0.1280936682564212
0.0727291079993002
0.03153069869952524
-0.08265636942151008
-0.002522549900559927
-0.03537113559783188
-0.08048243011159568
0.009123615474671835
-0.09438598443445026
-0.01858149843772502
0.1484601450282912
0.07111956547477932
-0.07804037032778101
0.1013260320153699
0.0211752071989604
-0.03035526785221433
-0.07957046116412982
0.109385884746092
0.09626075904149475
0.1289318789125094
-0.001304696035718877
-0.1028981736524901
0.04260085646223362
-0.01022367921177007
-0.01331344259143251
0.1248019844276648
0.04153626752214938
-0.09019012170443608
0.07240071220362225
0.0924002574627792
0.1330794321094517
0.09429669254049231
0.01507611189498555
0.01449505265313011
-0.1384612795951392
-0.1375349177604154
0.1291199908154727
-0.06892668169718515
0.02155680231193276
-0.1152148518021911
0.06250170189306523
0.02006578141652938
0.1059487641420665
0.134456445501177
-0.02857884011721017
-0.02290808259001047
-0.04589780930466221
0.04185468842596526
-0.06358203445768895
-0.09968541879324923
0.02072698525296037
0.08508761700755997
-0.05260104315046314
-0.08673467909135837
-0.0750720101926288
0.08408333481952064
-0.111901758300438
0.1164728521624225
0.1438205597476954
0.1104464471763466
0.05879070010330231
0.1268710243033803
0.05477433418239958
-0.07620288702945145
-0.008599255203756501
0.0663156098405262
-0.06372210065519701
-0.02945016766733275
0.1472889551685621
0.1077999528576353
0.005241257276523544
0.05976506019614326
-0.02212218818438766
-0.03885055591323408
0.04424141984889487
0.09928830530775966
0.08824428423920129
0.1483714607324133
-0.008883361282598194
-0.1252937561453746
-0.1013028666083745
-0.1381625111487053
0.1097985319217326
-0.07493266120086224
-0.115358403744935
-0.06998722625154588
-0.0368684375987391
-0.1489675465011719
-0.07612841529579298
-0.07639171850072891
0.05982589209331767
-0.09927194307015182
0.1282847735818905
0.1336011218078078
0.04210681736883783
0.04456822068163529
-0.08011039993007517
-0.1374387273563759
0.04190019711884352
-0.1222663749828155
0.01785934268009328
-0.04831386904272002
0.005573690804979215
0.1289613738915698
0.145929274333007
-0.04514355635862972
0.06720098688464977
0.1442296771377623
0.09597163580998495
0.09189983524068401
-0.1070723960226417
0.1077776032684181
0.05168269224903416
0.03895772682082937
-0.117087210314428
0.08635294266602864
0.1189950240847445
-0.003940484251034637
0.08737167444038839
-0.1071431719142109
0.06962880785965425
-0.00279167722629392
-0.05641335918755685
0.04798171394596219
-0.01910473811824552
0.1357227270585808
-0.05746776213892241
0.05076920614565333
0.1482896713724817
0.134428237956431
0.07849372852963726
0.01613207521655466
-0.06386491100815909
-0.06586982239193237
-0.004819142718491732
-0.06788213511175904
0.03901188314602503
-0.08756802838953684
-0.0735802024944236
-0.01499000481207881
-0.1456508830622507
-0.03067282416105244
-0.05716990287001515
0.05601606231750985
-0.1417350151585888
-0.02430492409460003
-0.007646361061757288
0.1272675985845829
0.1217510477541479
-0.07022099995559117
-0.1298346453375196
0.04140151696499398
0.07703927633119238
-0.03619294916235513
-0.06061782228348181
-0.09204238656027766
-0.05045930872750502
0.03196365643281063
0.1088000821638633
-0.05208687899876433
0.01648242094512647
0.03732984855007396
0.1140845792366712
0.1026621584647408
0.1214354887918365
-0.04074713993155235
-0.1152489802120341
0.01044558625588677
0.02169827324155935
-0.03887311213386747
0.1454400692557871
0.02603591922711228
0.08044698644986209
-0.06171070157242739
-0.06791355480340029
0.08877185372831566
0.06400948091621006
0.07445510576737056
0.06611149890671569
0.03580302500154588
-0.1456956365375177
0.08631994136364229
-0.07277151573992098
0.0814283522434822
-0.09984188127074523
0.01668972755924497
0.1393792409944672
-0.0002876037508020868
-0.1012570743351393
0.0981734810380064
0.09760186655534266
0.06517279549482886
-0.01454368368627663
0.06170526134126957
0.01779170596248176
-0.0431413130286923
-0.1290734766897358
0.05252717369072744
0.1173899903864037
0.0426796433273752
-0.1362808804494545
0.1128661476557229
-0.08125485241317641
0.09425123549138845
-0.09882621964329545
0.0008666561961502707
0.03305183510686611
0.1151983458820897
-0.07458550332794042
-0.05080532604041534
0.001049639259665402
-0.07027857690185062
-0.1145088212243503
0.07835859195796954
-0.1388644104181568
-0.06437985116820259
-0.05497453446248612
-0.1495334540255143
0.08537077086144546
-0.0062512792839342
0.09861899927476062
0.03297104384206558
-0.09112663234755529
-0.06588275262843049
-0.05529337497764087
0.07672897079527657
0.04105981340391813
-0.03432479919279058
-0.02068439991853149
0.008445889468200889
-0.1416162117389198
-0.006904504474259961
-0.02867225795226641
-0.06262546593958587
0.02257340691827279
0.0781081508316102
0.1204439708566503
-0.01221119765824981
-0.1464939695653995
-0.08037307857067488
0.1388964273383079
-0.06675077147384895
-0.04488769960668075
0.06721026670624418
-0.05565797047238005
0.04078169708852282
-0.1377253766021699
-0.05516866589827515
-0.02382105251640484
0.00602994845101605
-0.1064537097801536
-0.1407960636589515
0.06495908718096662
-0.02231152391559969
-0.04609270752275877
-0.00826514389207254
-0.1312190931814256
0.06961143806040718
0.1211240399998705
0.02728717866219052
0.07811665334503494
-0.035761962576274
0.1486302870791761
-0.1447545012707148
0.05154078753025347
0.02116647415296639
0.08334401707986343
0.02196274367342096
-0.1410210275303498
0.08682524589929848
0.09160953429181264
0.147857228162108
-0.129977422265473
-0.1032742399596615
0.06505548091285834
-0.03560036157221468
0.08752581978422777
0.07732971729777242
0.05927136108909999
-0.0863156080358943
-0.06663228185456009
0.1028188259523884
-0.07713316270481739
0.1483670978549093
-0.06945148547697799
0.0268406662393588
-0.009898654484175559
-0.05070182270775314
-0.05358254580305117
-0.03884834795872534
0.1265238685689795
-0.1255148678188144
0.07535644797992995
0.1251294800369559
-0.1202659477934775
-0.02307029827060944
-0.00369416024955146
0.1130683598425751
0.1489039414422085
0.005262966628345737
0.04989333842251052
0.09050706371239334
0.003112265457192909
0.06995125984679404
0.1372292914651405
-0.08183443721370168
-0.1156518662002026
0.07473887550889816
0.1454734951948753
0.09359726063226577
0.1384201018467562
-0.07114139033746458
0.04639408241411597
-0.08869537735445347
-0.07278706242184038
0.1269414577443689
0.08812183365341772
0.06729791432612747
-0.07380565260905322
-0.115479771028929
-0.1215559815546967
-0.09728023889238378
-0.09097108632293074
0.1038079245728269
-0.1221495100282614
-0.06125706436539482
-0.06927550470271471
0.02414706187608077
-0.09818032788461892
-0.07036723297735695
-0.1205972589436823
0.1017150240094837
-0.1298662904952271
0.03249026858093576
0.02166156976561812
-0.1426423074120489
0.1006926669817339
0.05600492987830784
0.08209398722379846
0.09619526272588738
-0.0003547614475375802
0.07054723602081832
-0.1249354133954268
-0.103977779557998
0.1318099601686455
-0.04775349677763353
-0.1270361258922015
0.06991882953712104
-0.1304735238324173
-0.05083947120241226
0.1044382485749197
-0.1020320765522398
0.001871748195900447
-0.1365547945556663
-0.1482213388171573
0.02971082273116433
-0.04780980525404324
-0.06750182858760208
-0.09615646544338842
0.004009368039159808
0.01214639789654761
-0.06671441538702789
-0.04424994545296042
0.03225113334701275
0.1157761884520115
0.1274040244822106
0.03964121387369233
0.06647470199210265
0.0333794370257552
-0.02829832246908624
0.01262331568133919
-0.11699389921316
-0.1077978953450098
0.03765953638907533
-0.07096468752885197
-0.1259825417365324
0.1398937877519167
-0.0480166023477413
0.09392657011293723
-0.1405775492433862
0.05113713899330492
0.0483560568481692
-0.09261542545055157
0.06179212153294936
-0.09084898655936012
0.08270876771989204
-0.1360177366105554
-0.008362793632290824
0.1365396698084836
0.01799331108213473
-0.1462228220602678
-0.08019996870815252
0.1237032531395395
0.03601153893000418
-0.1144303402292787
0.1011041551754517
-0.07436599056625048
0.1020258973705134
-0.01552676686395125
0.04730275034493021
-0.03536783938521361
0.01745720034366068
0.08949195877441303
-0.1477689958637737
0.0964452520517716
0.1135213489858708
0.1421456486166791
-0.1015461380017072
0.05748034874186197
-0.1484160924211015
0.09961701822234718
-0.04417259053896407
-0.09100829897781294
-0.1473686678060634
-0.1324092024881672
-0.03185458542616538
0.08533521003085963
-0.118383592166185
0.1098262223731701
0.07186766990744328
0.04962876633016707
0.1136010330480381
0.1416953821356803
0.02333631264275639
-0.0004629157711977739
-0.1227677605848247
-0.02555420586692385
0.07518680707310062
0.1292684268884706
0.1088767443261252
-0.02749539662401463
-0.05610043174551789
-0.02364270499997805
-0.08793718240808891
-0.05383537811005467
-0.0771066156219172
-0.1244164760893086
-0.0616160528212914
-0.02858716111257538
0.0830349211732033
-0.06000277369609251
-0.07895180900022891
-0.1111021424404833
-0.001000445790639353
-0.07639289299612016
-0.09352135975509104
0.1171195068899236
-0.1410554485940057
-0.06188739794089029
0.07686765994538003
0.08079747733123019
0.1377262669104733
0.04048504809108266
0.07251063925400744
0.01101524965895234
-0.1099718963508447
0.09977005785324337
0.1354699313031835
0.1152954730625071
0.07906339208969412
0.09441037552248041
-0.0621978770468042
-0.1270140796309429
-0.07917258755296314
-0.0001369525564571037
-0.03084928408276661
-0.00627857209051218
0.02545117049416569
0.05753549149208845
0.1150938220090491
-0.04155863296433667
0.1475217135559863
-0.1138751949974367
-0.00266711949382156
-0.003537971851054146
-0.04029979843221489
0.05380267552903149
-0.03639080275478883
-0.0313350615546412
0.1418794084956627
-0.109564205944171
-0.1005307625608475
0.129606634592245
0.08103973911158424
0.1220721049055188
-0.009303969804450463
0.1210640531384758
0.07184228599006366
-0.02382108645342744
0.08632038802631527
0.0008139305810052773
-0.07940750722523514
-0.1258701758537305
0.02381276178616869
-0.008582047663633748
0.02391152335435623
0.1429526476796607
0.1351331555819075
-0.1006365377778898
0.05051341539012849
0.1001836095654264
0.007789627595929635
0.04801739461867698
0.1362919267156579
-0.1448965188853561
-0.1055882396679374
-0.05402082648702706
0.05889576017898045
0.008062781763450468
0.06470147883067166
0.05080702700437117
0.04853189328099317
0.1142102025708914
0.03048258458202827
-0.02046750786892992
0.08620163198362943
-0.1288612725294803
-0.04943701387259548
0.008017717101431976
-0.002659530447352956
-0.1131618176287394
-0.1411597370971659
0.06792772929128227
-0.08905267654300969
0.03267337079254534
-0.09070481789616376
0.08486030403811233
0.02561822279714708
-0.1055754430249395
0.1342221770022115
-0.07393345008084054
0.1445852378038354
-0.008003114718487074
0.1309089110783393
-0.002888925314608218
-0.1314587734617764
-0.07307130819127421
-0.09398331250552384
0.02659656606898541
0.1416590358221978
0.1068819975316191
-0.07485807716616114
0.1058625827328764
-0.01268895565340561
0.05465136174563184
0.04207131969930145
0.008447589973446768
-0.1447978611451442
-0.09992090683963108
-0.1442031505199946
-0.1079373576612349
-0.09107937975510044
0.07370188676756216
-0.04700596780729698
0.09159655731436797
0.1330150607423883
-0.1121658709243395
-0.03281354689686825
-0.1225622999978737
-0.1279297880277923
0.0432811181591319
-0.1279409354604303
0.01406980651728448
0.01735445979056813
-0.1470271006199622
-0.1388032076665471
0.03590715917677239
-0.07006165964682026
-0.0827441030482797
-0.08747183674199459
-0.07839973121029824
-0.125868345863736
-0.01232413097467329
-0.1225613315533396
0.01146654660474765
-0.1076831950435608
0.06952301847754727
-0.1300614840044169
-0.1024959192301938
0.1196150671359391
-0.1242907213756889
-0.06046301217696048
-0.1214805346006104
0.09939988528863819
0.04252096411611865
0.1200935668335221
0.08241752818606139
0.08037856907682139
-0.06269668498910003
0.1098568029170762
0.1024592613484123
0.1305867772136267
0.1319374495211863
-0.0334632934714367
-0.002037940117721953
0.134917265135349
-0.02224039555759551
-0.1160975125788755
-0.08515194931357563
0.04502541632436293
-0.05358295665051403
-0.01354620621406098
0.06917265279196025
0.08407380311781551
0.01388651472062748
-0.06938772786192479
0.1263633246433632
-0.06661449237337203
-0.0494705883859913
-0.1261362997119686
-0.09699644326981584
-0.0237577466318341
-0.03659097804154051
-0.06846818825745611
-0.07435462006273527
-0.1440644296015713
-0.09835610078324077
-0.1419244073961321
0.08631518337179286
-0.01107794532620794
0.1179202469923067
0.03878132449316121
-0.0304655873881612
0.09984698853749843
-0.1446751331145438
0.1175021301056815
0.08476893931241893
-0.01690736433323155
-0.1486075626488488
0.1495995828351345
-0.1218957079592972
-0.05221663998904027
-0.01396476628011603
0.09722962832976463
-0.1181867953045904
0.1499076412735471
-0.1221693145887029
-0.1418015865102855
-0.06667728685698181
-0.02162871927994869
-0.11794518274792
-0.01368474506326259
0.1046276632812596
-0.004535371858226654
0.06783461308877495
-0.1197566228925893
0.001391513196806084
0.11949971649153
-0.1116831073395982
-0.0622883030924108
-0.04157196193920525
-0.1437455552582687
0.1265151209372784
0.0779471294727461
0.1060909881660263
0.1318190044635341
0.04543997026522144
0.04085849244103179
-0.03510331776832565
0.04680459108940132
0.04044578361992061
-0.007010537719829095
0.1446047660257515
-0.1235128513663584
-0.05976036416929014
-0.1235881378919823
-0.1235972624501486
-0.03188988910115519
-0.1154045209794999
-0.04028305406770495
0.09643830449826012
-0.08333424911868738
0.09607102742861097
0.05106422077518196
0.06213926013839829
0.01389594296487087
0.08132597317832474
-0.08644288279062962
-0.01664105083502101
0.1196345826003251
0.001227879484779286
0.09179258302279478
0.1258825038655251
0.01976840337457574
0.08198038742507564
-0.04042172983764665
-0.08482489801833162
-0.02714105998467025
0.07447237491765271
0.1120040628129258
-0.136697039707299
-0.08254686285708342
0.1065890197802509
-0.11025987888437
0.00767566483229553
0.132962705205851
-0.08386282769638093
0.1257578082877876
-0.1324358938068128
0.02587680959962839
0.07217698989707311
-0.06578388813795746
-0.0280943660316744
-0.02674949870328101
0.1463584878079106
0.1357628809674363
-0.09544418990198378
-0.09012830114261867
-0.0308495942331976
-0.1258257519026026
0.06108637552907957
-0.08907565056939376
-0.1499374636332579
-0.1111445081523675
0.08068734329008431
0.08200924204637608
-0.001633657246683663
0.1458415515709659
-0.09524233171204291
-0.07723336576979627
0.1077572619676386
-0.08199651374800652
-0.009804216451329005
0.06426966569393731
-0.04227994812928259
0.1478236639196805
0.04721525815654587
0.02384839444248126
0.1235514620655655
0.06479828762212791
-0.1003148734899616
0.04572757136356372
0.1490076205094433
0.02150553675597076
-0.1310628388512435
0.1452649415805819
0.007302246354661694
-0.07652694728251229
-0.09483889635497579
0.1264975703983554
-0.05233282327809415
0.1162564580634123
-0.1125945559754321
-0.05235118998908679
-0.1449685929108067
0.1180102308970123
-0.1203661871410146
0.003367687243104118
0.1137014479655005
-0.06566562964677233
0.07604337210881652
0.071458351151427
0.002326785891221917
-0.083790870859553
-0.01423873226587246
0.1100419092450508
-0.0859670145062025
-0.1170376887059734
-0.01619190899673189
-0.1124248472480017
0.09767933695600939
0.03351007633074862
0.08329819461878805
0.09662865192465955
-0.09493609427640118
0.1022258519602052
0.09195498696703447
0.06240283639328119
-0.1243092952520738
0.1470791026615056
0.03881632144053181
-0.02665733860621246
0.1132948951621713
0.07608604504360555
0.07090974340057336
0.1182009031980433
0.04405511022413092
0.1004897915427412
-0.02848631436552761
0.007829045414207318
-0.1151506108470067
-0.1024158877345458
-0.07071428867182288
0.03709532951022589
-0.03624824415302257
0.06497921829747305
-0.002858782953754387
0.02782757734273024
0.09792507139603597
0.1309808214110292
0.0653814470473323
0.04561154998556531
0.01452632381174893
-0.001372751653199819
-0.00778327766791963
0.06953787139545407
-0.04913181884421947
-0.06583119869132695
-0.01815880886685153
-0.02350400972797782
-0.06883192326991565
-0.1293570847356305
0.09979686610917866
-0.1055945057094163
0.0967589890835843
0.02072573911665858
-0.1373612947979271
-0.009159007242413985
-0.02881610693036981
-0.01590851353441549
0.1486094005408131
0.006018871962596664
0.03172024418906136
-0.07209108005792499
-0.106861922240678
0.145473864792448
0.1429048354283786
0.0403453934916528
0.02319028970290388
0.09070226366240504
0.0211874138165996
-0.06143123549027596
-0.01367409369782009
-0.1143292469004297
0.08718034346519452
0.1285163585186463
0.1051762263749318
-0.1119617797098956
-0.08733757141497554
-0.0629457431835502
0.01455151776288646
-0.006156124858762899
-0.04227205115028903
0.03820126081964922
-0.0955754987844282
0.1349848188536028
0.0507976834594056
0.04521841653886175
-0.04379600644304879
-0.1150748790005499
0.04382300342595154
0.1121450705574223
0.06657318755814048
0.1217234101351725
-0.1447250627949774
0.06199236636408971
0.1145220218544755
0.04548602656279507
-0.06474166899619019
0.05530628391572021
-0.08326211668685185
0.02380676257857123
-0.1084191239236258
-0.04757730836040484
-0.03899245402073898
-0.1298975430180305
-0.09241529181143536
-0.001001244455578704
-0.06727529215343195
-0.005368305990871684
-0.1365009109025792
0.07651898923979668
0.1022731655300682
-0.02215132124538606
-0.03522703366479251
-0.143290195203706
-0.03720454323158356
-0.1344831565543933
0.05193463345267375
0.06897108002141897
-0.0995873943997721
-0.05426890410689914
0.03108682486546635
0.117049117609801
-0.08248532061240826
0.03643189044248214
0.02904313388374136
-0.1179815673913697
-0.06805575809678513
0.1142952790724737
0.08731469403084316
-0.001348978658754087
-0.01192490174455465
0.1288698142090971
0.1010682747335967
0.09906135482893101
0.148987767196527
-0.1413537537770216
-0.05191137038646718
-0.06821994017677981
0.003265130452376013
-0.03842624137319345
-0.1417458256710624
-0.04441662577418186
0.08943952962106319
-0.02702132609615275
-0.03772190193300897
-0.09782020331608336
-0.01146000353981369
-0.1357247712166399
0.1211901409002564
0.03896839228082487
-0.03998323862661818
0.002327718602634035
0.006023449174957412
0.0275326826418514
-0.1112768157662949
-0.1149638235659308
0.05952213969506435
-0.02933898066248043
0.1493119092386724
-0.003187389137166011
0.1193123148020081
-0.01259911247827547
-0.02428871131011767
0.07038058216722105
-0.06357393146211192
-0.02532423149690893
0.07906599583381199
0.03458568114806143
0.05646214028962299
-0.06765689675005744
0.146146896544126
0.06474737091517889
0.03795905060819618
0.0855793667127194
-0.1122680143615918
-0.1497660689255584
0.1378134649837983
0.02629852227572475
-0.1354737250190063
0.1090017728742188
-0.08474919351246049
-0.025479214913325
-0.03871374384961879
0.07123868765511565
-0.147950283954145
2.176987688846689e-05
0.1063053097723344
0.06156720199233279
0.1207196788605064
0.1056039327630987
-0.0916248682161388
0.09008960328452477
-0.05695124132102219
0.03415187133434784
0.01046663060384136
0.02946624351150476
-0.1411436978247119
-0.06047119634009628
-0.08594942812339491
0.06531395029509966
0.02184850103530759
-0.08976879563932921
-0.01994930538262
-0.09015820275182065
0.145813364390193
0.01776021816329004
-0.08992375790125118
0.1335908993238923
-0.1059294862686783
-0.07540225172203677
0.0925858987593457
-0.04065162095154592
0.0491485421474997
-0.09604932806519292
-0.1193982593992255
0.0511981539562027
0.05403571608281801
0.1369409600053317
-0.03718175473230436
0.02472694124704145
0.09251801289639361
0.02123534563657683
-0.03519521984978854
-0.1144054399291596
-0.09462495189479257
0.1252485043781277
0.06509146336846085
-0.08578645985770403
-0.08517162511980179
0.1291353552838585
0.1294974969999046
-0.1106431679532846
-0.04040985872230029
0.1465479898574939
-0.1148268243235981
0.1273437410359112
-0.09336595860151019
-0.1312186505035168
-0.1285372871164957
-0.01875314940929992
0.1113633472878487
-0.0191842893136013
-0.1195821509603059
-0.1346402034513287
0.01145655194980036
0.08159839599247867
0.06938340788716267
-0.001622781291461877
-0.1055451394688434
-0.0558518841116697
-0.05910857707382214
0.06567662319846639
0.05895481530713497
-0.02349181258070805
0.1210378748587307
0.03419738976920943
-0.1083998083320243
-0.1147272129921014
0.09906764950066471
-0.1292526907601772
-0.1352179204554699
0.03579322385446502
-0.08986998183032828
-0.0255799352672627
0.03235303935759896
-0.05471924947876059
-0.04817224767221489
0.08904074966837712
-0.03585807498121257
-0.02666206833740905
-0.07970402776364863
-0.07440493018223561
0.1041953458280896
-0.04921336504227723
-0.05901641299321199
-0.03435582809744851
-0.1175768173337358
-0.1396389074633992
0.11404550355153
-0.07310797817901489
-0.04550925029468793
-0.09498480704615979
0.1426128023613759
-0.1364870123838167
0.0315540711351126
0.1136609972341232
0.0477798690069095
0.0731755687482621
0.1489835092454737
-0.003127834901426202
0.09392799782713285
-0.1361858878569762
-0.117308516382741
-0.1458792069829444
-0.01173220698038423
0.0650736185982084
-0.05052577817168673
0.09013376982300994
0.004159745891546916
0.06362343308938137
-0.08652307505009717
0.07450980806581201
0.1392578953427875
-0.1322905423306075
-0.1246943641499925
-0.06976880892238156
-0.01663868657489913
-0.09225300760582074
-0.05938228676092867
-0.05255926244809364
-0.01532415166777115
0.04520471043347825
0.002513789345280735
-0.0226384961736801
0.05874238214433351
-0.1159358950024902
-0.05893590657919249
-0.04346300409939265
0.1072969195234998
-0.05993010771128119
0.1034235503353251
0.05127655082315045
-0.04608800701602971
0.136159284826194
0.05541063265699903
0.0922064229457514
0.05127247075190622
-0.1450799236699649
0.0323898999506805
-0.09454073221205353
0.06857038496241114
0.09586312956043193
0.1299715765050362
0.05782237745281359
0.1136018381616629
-0.1447165954307094
0.1380846436875208
-0.05295955210504958
-0.08688823563509779
-0.07123839656099153
0.0445145354197305
0.04782533671355783
0.1239733893886794
-0.1029541186312044
-0.1248004187632467
0.03271126182563455
-0.06884421282712987
-0.03369860332113712
0.13930617867283
-0.1115282784711961
0.05636909918635361
0.09269874971356462
0.08972900137198872
-0.139711569123958
0.07888491997103612
-0.004857597500128583
0.1025567802656945
-0.01979577123679455
0.0001205064230317526
-0.01506120143814331
0.03566468041549955
-0.08129025525203067
-0.06914767071125064
0.01567685466320352
0.1265584331936542
-0.1055302040184716
0.02102237957339745
0.1146832725270738
-0.008459620453841965
0.08413296931191447
-0.1065507449014537
-0.1139142277118823
-0.01801654632328489
-0.1325389984405835
-0.06685485702218721
0.007195007926010006
0.05016949186218603
0.01427455735706644
0.1234637990642614
0.03946464813292071
0.05273972401129479
