-0.01772779011771664
-0.007447840334477957
0.04022538115831081
-0.08875729502936007
0.1377788913125757
-0.007194998377805593
0.04145984023595185
-0.01207220775698694
0.1277760475086139
-0.07283079163653162
0.05665437992469494
-0.09136161395656923
0.09284653914853118
0.03322411914789457
-0.04684686189749826
-0.0360962131409561
-0.002043931252626853
0.09472281665741517
-0.1019384649438852
0.0414401829767576
0.1307868252776325
0.03001820571042435
0.05885203719873089
-0.08604475581480228
-0.1127505524213514
-0.04090760545252797
0.07828072065578691
-0.1392566756342654
0.1486215622501534
-0.0189151069356486
0.040682724325106
-0.01909993601314712
0.1236436678072879
-0.0690796688109592
0.04211554487224125
0.1114712591641243
0.07374268303340195
-0.06639447652262039
-0.05059255996827531
0.05151753270835865
0.01075989514867192
-0.1440137763013272
0.110107348520691
-0.04639190075332211
0.03923304006587078
-0.08672402889360882
0.06748189678409973
-0.1128771037102953
-0.142049680574722
0.115492315902712
0.07851547375712815
0.1387199574422886
-0.004495063834538525
-0.0126133664937408
-0.0973213033509745
0.03274121917975142
0.09646568391282874
0.1309489176239062
0.04350575395368211
0.09503642839280278
-0.03798778574177174
-0.06587289407761768
-0.07406708893448784
-0.06433596582458209
0.01503678677630945
0.1180427638400128
-0.1029106198866422
-0.06128698215119179
-0.09838427283588515
-0.003576217051329185
0.1401493968142047
0.06233141133038869
0.002372777240038765
0.1002541239766015
-0.1341085040916408
-0.1084058420551254
-0.1365148034793553
0.08334832962554317
-0.0712847395064965
-0.128578758347838
0.04882735731119811
-0.1427869528726974
-0.1398654270636617
-0.1056815255626983
-0.005410672406927266
-0.08719339092550087
0.07703791380172327
-0.05900184373501449
-0.1062804171540434
-0.0294880798871564
-0.1139669789379598
0.005729728405753453
0.05461597417503829
-0.03806683692136181
0.09138186034462165
-0.08038151156906385
-0.07004436609345889
0.1384044336625328
0.008299032379312754
-0.0184639696027832
-0.01522024589366977
-0.001586018687858775
-0.1061701469706416
0.1371671746643424
-0.05128724748897791
-0.09026968019457621
-0.1212548215234505
-0.0378418947220476
0.1430471940359268
-0.04252392401960704
-0.01646534138689758
0.04186523173794704
-0.03535547925037585
-0.006345611597388888
0.08619000049028112
0.1092488028721879
0.05649746232262115
0.01328418725710217
-0.09971436106960882
0.1002504981778893
0.1337384523842542
-0.06375033749529067
-0.04407928008305245
0.03836390461827156
0.04820935683853359
-0.1027328487947422
0.1079248505386056
0.1280986764415822
-0.1143513524153512
-0.03377861866751527
-0.04034876325426717
0.02049307154004802
0.1146864742386591
0.003474225381697864
0.007657117175390533
-0.08666498234150027
0.06319902573929981
0.03642177378869663
0.02548512990967835
0.05625943382602924
0.1438427978082928
-0.1409944417401071
-0.05188966412003435
-0.04151992464554325
0.002669117955204765
-0.1156986521165868
-0.08229265589612192
-0.09085370824995471
0.04751660941190239
-0.03207044075728533
-0.1406918029374195
0.03123103709273671
0.05415665150808858
-0.03478261344826793
-0.0804356321433212
-0.04768346961917117
0.01246318191708886
-0.1225101566641093
-0.06955885820482396
0.04814235907276661
-0.006254442624035916
0.04007398305572533
-0.08138275553989531
-0.04161194404124578
-0.1064794508512666
0.07625309817214546
0.02170235050400273
0.1067007284086323
-0.03736282179464859
-0.102842564610943
0.01293598345374778
-0.04352018283850349
-0.09383949342720208
0.1110459667177601
0.06495577314580868
0.05884387785837236
0.1453290041300856
0.1326594154491127
0.1179488712461957
0.04287689283524774
-0.04942317001427469
0.1272577839260512
-0.07592791190029383
-0.145279547845563
-0.05751339488235425
-0.006337466501768438
-0.04290091089796867
0.1049905463090421
0.02115654260067767
0.03752853074695229
0.003084519305073719
-0.1351345851492708
-0.07245019645429106
0.07169398905683427
-0.02675131471722931
-0.0289144417034846
-0.002032010409403508
0.14495899037286
-0.07223323757450975
0.1106026083520273
-0.1078788578796047
0.09069394031312894
-0.0829396627881831
-0.05174753568781311
0.05171059286940629
0.1319828479937881
-0.1429329312749388
0.04702978580973645
0.1146194493163144
0.1250079491858093
-0.06014250563367001
-0.08481289084803688
0.1022653049148443
0.01391877762783481
-0.08008761631639837
-0.1052773574660529
-0.1424535389930779
0.0269453400386122
0.1496454216329752
0.02867354561614706
-0.08558317822443365
0.00273698362929998
0.04353538039732388
-0.008045825539108679
-0.07557987388864484
-0.1332149347170307
0.1130132985970986
0.0723751083325759
-0.1382557730391468
-0.1092117973630052
0.03297705515880121
-0.09615607321715798
0.1314727653428703
0.1000336717534096
0.002093486108565781
0.03323938043326799
0.08205465295537817
0.009183904689985313
-0.06975671405991028
0.04667408795398899
-0.01580351262697078
0.02010752147456981
0.1118537465803493
-0.06351062182579591
-0.1159668099967616
-0.1182876587354489
-0.01884348411135577
-0.1084419809689464
0.05869709438991696
-0.01916454222506874
0.07023697598073872
0.1231068288159619
0.1335413194141243
-0.03623279527643054
-0.03494381128944087
-0.09201691441985455
-0.01943872582751856
-0.07191391035869987
0.1303485832013583
-0.007720753495269067
-0.03114969466077683
0.01330494520138818
0.04608375325972598
-0.04971407577401911
-0.03670052856900374
-0.1018452088213315
0.133485512823005
-0.1047031163936526
0.05728851654114517
-0.08632344952338133
0.09191533460437004
-0.1085538508444305
0.08372741944346987
0.0537288129868122
-0.02212158608168422
0.1177233903335668
0.08545456760925348
0.1090101990316893
-0.1407427888563934
-0.00586748860154532
-0.06018329853069663
0.07949465318001045
-0.03278791463270586
-0.07664488026706304
-0.1067370839254189
0.08227215745740202
-0.01868120132122101
0.02381125497687031
-0.1396662342855035
-0.03832725504003624
-0.1339433829504527
-0.02084771622838028
0.1249583651690165
0.0621219827147609
0.07945428180936046
-0.06174656477371492
0.1102581450332735
0.06291849277476072
-0.01646581136037301
0.01756320933208397
-0.07453332403182755
0.05903339112500317
0.06034845292011901
0.129178281983324
-0.1131520236714211
0.0280495865847545
0.06465437917788257
0.1458657554530465
0.03728031865176913
-0.09123910322358975
-0.06431734433183711
-0.03318108820055989
0.02598860912355382
0.009026378378235932
0.01007672230321991
-0.04175651916343546
0.1403806364480819
-0.1161502718076477
-0.03145820649628933
-0.04796391478035512
-0.1000812420468311
0.09774488495546194
-0.07300696371673084
0.1120142077529451
0.02717204048569807
0.01524333658985456
0.07230161748973736
-0.05989860240777475
0.1487634416488018
-0.06017416835934984
-0.08330010973511066
-0.07575739826635078
0.1488392336714361
0.1270195128014726
-0.0965787727497789
-0.1142990685577835
0.005057821053315301
0.1180350293994855
-0.1184556014577723
-0.1076619238196781
-0.1232017897244494
-0.03275955866157079
0.009152127403898855
0.05275145396505077
0.1262421119978894
-0.1307702234824251
-0.1389833350670191
0.1166316728580034
-0.0969404827656991
-0.02045538097244108
-0.08134756196424067
-0.04701927999836739
-0.07269197875715827
-0.004349773069949105
-0.08500802064913938
0.1044861781902369
-0.1391125302330074
0.137329817661168
-0.1054037981859786
-0.1403226328318251
-0.07282845872565177
-0.0387138805358791
-0.06608221012878042
-0.07398494182600378
-0.06172049538355553
-0.01267103089026621
-0.03827244144393735
0.09337392375382277
-0.04463800838174924
-0.006737426925647012
0.135722621816719
-0.01783977596886028
0.1105277340798908
-0.005115906938500106
-0.115099194637668
0.08677651199478353
0.01409365383507385
-0.1040906431898026
0.05340952425455458
0.06717628406144636
0.02548361076980805
0.1220550643724485
-0.1298550831416485
0.1027955266516518
-0.03229164132562858
-0.06483147409724863
0.0572575567573492
-0.02142557349501698
-0.07750767769164441
0.1018437844118223
-0.01173136365560625
-0.0003426892657822245
-0.08687368593026047
0.0721668527861605
0.07564060325683174
0.001434859512002139
-0.09051866065070902
-0.1126261005919341
-0.05520998209818833
0.01481341281642308
0.03064595607365198
-0.06947267343744964
0.146988473914789
-0.008854440989027842
0.0753567869838138
-0.1181050548651669
-0.07205895848227152
-0.06050384219573798
-0.0721673399343177
0.1313282984312928
-0.1433415936166008
0.1032967344307414
0.1034041586222398
-0.1231823908720261
0.05606590501295285
-0.0789082794991062
-0.03802650417389872
-0.03667894364417754
0.04967742466265791
0.0344360083367159
-0.08482869995800353
-0.1120622199917076
-0.1158976300220228
-0.02170723799347044
0.1100712031436836
0.1097856350310378
0.1297426357576096
-0.1304132941124301
0.1471546094373633
-0.0754804053488539
0.03441194976038774
0.02779802442673734
0.005027057694419014
0.03139279568300592
-0.1310627796121513
-0.06958818776033258
0.06327881588297778
-0.05312981623725636
0.01990451941999299
0.1410663763086928
-0.07179744270994777
0.02654451749740066
0.0943546142002995
-0.1184153484443149
0.05332899524560252
0.0004285662959783541
-0.04731183183496536
-0.1346804833730308
0.1137381834907761
-0.1476635067533147
0.04976866239655847
-0.1210874390933228
-0.1097036821191971
0.08386377965755584
0.00719338351999891
-0.1496027945405261
0.04364356168854931
-0.01306683878328834
-0.1300196717006991
0.04079600448205143
0.06144119450379248
0.05438687773009009
-0.08140926676584845
-0.0835277859898234
-0.06421144092487284
-0.06245378145057578
-0.003107754571953562
0.149058720577463
0.03441613711170425
-0.1332192971925447
0.1401395846109831
0.1126223354314283
0.04331937393260339
0.08448888231835995
0.1441999648575835
-0.05333074057031367
-0.06508236092021247
-0.05311658101002567
-0.03803762986268257
-0.1013714322943143
-0.05075652112466162
-0.1382614270344426
-0.07245548223583728
-0.01046642152600875
0.09561960469219916
0.08475576390507164
-0.01007092911503346
-0.01074523436852352
-0.07832542131730939
0.009900700084152905
-0.119939293522341
0.1331370523979628
-0.085691395435677
-0.05134927002404185
-0.1004098584777651
9.04364275033468e-05
0.03620946275307312
0.04648754363443892
-0.000860613021820977
-0.07941218773573989
0.06327234372943757
-0.01071224076075096
-0.116777541271932
-0.04340490268413247
-0.07621980648077639
-0.1225643737857633
0.05326133763190745
0.008679400429968879
-0.02568568285892881
-0.1347642156748148
0.05730509920093411
0.07355040003568782
-0.123044769101132
0.134854747778345
-0.08691497956031967
0.1225658294149588
0.06960893529079658
0.05300065954795395
-0.03817866433929684
0.1412897775301921
-0.08710968632342306
-0.00813458545099514
0.1243973204092079
-0.02281569738695919
0.09050915269465472
-0.1259728999869167
0.1272922382742013
-0.02328058211060722
0.07048013837429319
-0.02360263030173631
0.0473121120807304
-0.01622068409586869
0.1157048787757438
0.08049935130822949
0.09036583513044609
-0.1105247680941989
0.1079808622766996
-0.006379279296826476
0.04814881147343123
-0.06771452673041262
0.008854405520702532
-0.04453303854011437
-0.1441677884752408
0.03579055049896806
-0.0596733962823318
-0.08107760056223366
0.008395993519936749
-0.1400834592306091
0.1218943180404674
0.1201760680190496
-0.148791408292697
-0.1151872500519209
-0.03794179348003338
0.125604853609817
0.01198793887438719
-0.09741992460465013
0.1496277107480866
-0.01072489682570798
0.02928542488366847
0.0701181443755102
0.1156920886680531
-0.07340844657654388
-0.09611059112768289
0.08138272314091657
-0.1428821856515484
0.1442580386398956
0.1208640930931258
0.1150781825501479
-0.01213167031702458
0.01900604239732495
-0.1026279657517452
0.1467276774744972
0.1244642839796358
-0.09680499139430676
0.03252424884796326
-0.08521758806339028
-0.02789529329613702
-0.1090954823254367
-0.07529110223245054
-0.05598781383527246
-0.1389106898544189
-0.0740994881313668
-0.02118478410371244
-0.02684845714518984
-0.09849056047114699
0.1408121213397047
0.02572374851107588
-0.09887104612569685
-0.01991254581468766
-0.09500040573391211
0.1212497670715531
-0.0542253803468206
-0.01840921197311471
-0.1248491814784333
-0.1228264671322632
-0.01129905893740285
-0.1306044348175803
0.1480145231658866
-0.04620193650060984
0.007273176847450107
0.00118407027778826
0.004003611251416055
-0.00852697434028077
0.05437664027658196
-0.1134616547857584
0.05627901509054121
-0.1235523622503989
-0.07260912372489162
0.1309487552031126
-0.02955435906526897
-0.06148241842842662
-0.09313421647935766
0.09926260586785024
0.06165783942914303
-0.04163205145659384
0.09005206772604468
-0.06265121215756177
0.009470555938418449
-0.07985851310392732
-0.007629604518409606
-0.01928557734662415
0.01589939500229537
0.123941225094165
0.005865366624899749
0.04307207724356089
-0.03730951821265058
0.0252925035831913
0.04111897550467752
0.06647517778910553
-0.1174253469016604
-0.09183122541657615
-0.08234471225376792
0.03659228117859194
0.04964691217952995
0.121985489938017
0.07311059622258878
-0.0440875780242063
0.1484466552217725
-0.1494622584545583
-0.06311404229584738
-0.03109283026107202
-0.06094880589648398
-0.006254852871858786
-0.08179522373989585
-0.149279946180612
0.1020960566623878
-0.1417248703688494
-0.06190342166781604
-0.03838040900071796
-0.07155580154977882
0.08051443346690751
0.0924066571827831
0.09441361537689587
0.05445618137611705
-0.05170471118625754
-0.01250586964716401
-0.1328689141556471
0.1235547213620148
-0.1214028604130812
0.08360780873694262
-0.1438505109569659
-0.06322013072980873
-0.1487414021740623
0.04272913276607079
0.1364208322964045
0.1232029613836089
-0.03417276880405776
-0.05769377271603539
0.1217059889663738
-0.03360600711100532
0.02924200754924507
-0.05932635196127181
0.05549741896355467
-0.1269900896754899
0.008879643075527752
0.05621311990025871
0.1251257449515001
0.01717706697533349
0.1443045724530185
-0.0632390032729265
0.09563370090713812
0.07478410917595646
-0.120866346808786
0.04002023487272346
-0.02076399673789721
-0.02259408844038166
-0.1224832475279948
-0.003638718607253718
-0.04903496534418351
-0.09387686423036255
-0.07002610614638836
-0.04288345892411
-0.00710908406244865
-0.06877658397379981
0.1498482388392373
-0.02069698252135522
-0.09551876973395483
-0.03429070172368653
0.07165110726425007
-0.1237986980433342
0.08213036325752067
-0.0491053869125203
-0.03312934333343177
-0.01240897347146734
-0.02611648989484646
0.1257622562667023
-0.1062004323345397
-0.05102024842442623
-0.007086252335594406
-0.1119001702922341
0.03578259820414902
-0.06143042435567038
0.1128961732166118
0.06488898093412615
0.1285549451553506
-0.05791435653011606
-0.1077469860720191
-0.1439632605752965
0.088440371321255
-0.006786172013571862
-0.08782467212497251
-0.1315853664997025
0.1003408545101012
0.05506688165013585
-0.05039340703534737
0.1002295422168181
-0.1155839400817161
0.004147037525003486
-0.08406844194898856
0.1060646991669763
0.03036075187652742
0.1480520510972196
-0.09306068459325975
0.147223056233572
-0.01437286533930424
0.03079005980639267
0.1229480208825947
0.02941199387487692
0.1297831529440446
-0.03414878791750826
0.06748908474302004
0.01552007582405401
0.05439080960153148
0.03038479600098438
-0.06959406500543899
0.03297499054916259
0.1224989271939983
-0.02729399364157428
0.0390459827402088
0.06096545676079378
0.1159524298678928
0.1012230795648709
0.07939930296853312
0.06632481718424131
0.006307255433977962
-0.1209373528460584
0.01654438480944052
0.04070801265013398
0.03319106386012393
0.08246738662855792
-0.003223518192382214
-0.08644083264317422
0.08051328970968656
0.05369764181702817
-0.08923225847603211
-0.08384808446243344
-0.06548803504041667
-0.1162619922039703
0.09558470915337482
-0.0856879390456157
-0.0003943140168955851
0.01310150362312155
0.07984637531541358
-0.09598145102174128
-0.1065011511468709
-0.1397187590921997
0.08700298613956432
-0.1340072849637439
-0.01704417843444957
-0.02396290904936314
0.07698037132104429
-0.05106586657040754
-0.07274820948194943
0.006356490753745303
-0.1347585285127725
0.08356096043059626
0.03540493690280728
0.03177347814708671
-0.02573173063487631
-0.08140257717118531
-0.03576433855790387
0.1210190726825206
-0.01784470601688123
-0.1052456997081949
0.02472687896884476
0.04290411323536765
-0.03910073166318009
0.1092465946274168
0.07665498103555707
-0.09351403577295433
-0.126425716781588
-0.07371114861902085
0.06961209142946544
0.1034294495564015
-0.01970211124583147
0.1130863907284296
0.1136644506875463
-0.08273282279079515
0.1290849124189144
-0.05335767341395104
0.04329292170516243
0.05604660134547629
0.04555498951060422
0.1205520244587529
-0.08759129153208195
0.06079600483550954
0.05410802047799877
0.0978196433460764
-0.05743448574442551
-0.1216159148994597
-0.1335793947644467
0.05682289204176583
0.1494334115970855
-0.001418569794222681
0.1015891491408419
0.02419703834580776
-0.1084857956648534
-0.08750001054488885
-0.01657857871390412
0.1181896280649603
-0.03097787307168023
0.006974058038305605
-0.1055568542097945
-0.1114080931837231
-0.03962235816324364
0.02474793845988247
-0.1482961429613847
-0.07593692645581915
0.09200528729438859
0.1307770883979867
0.0207010750586
-0.01469056620057589
0.03683088723508053
-0.08373635217491469
-0.04413022454106783
0.099250193057928
0.1270690586815658
-0.1400148981398408
0.0470630225713118
-0.08036209625914344
-0.1116106824600318
0.0635076725794462
0.1264745521168945
-0.1121980876185351
-0.08791723069704234
0.07806885736265821
0.06197089826637726
-0.04640074169884961
0.140560373617051
-0.1046203662237472
-0.07822738340620025
-0.04045392085313316
0.05234598027891881
-0.03380089881077136
-0.001858731764099015
-0.1372639834737418
0.1409260660706686
-0.0001690770579841582
-0.06319829642461335
0.08294972016408279
-0.01937841870957775
0.1075075542727572
-0.08173475901541896
-0.1325444009658688
-0.1262166406906324
0.02415180611874449
0.116733196168508
-0.149127771747301
0.03413842738570794
0.01379849905299965
-0.07949372445729785
0.07250570567699514
-0.07270684685924815
-0.1030345440592469
0.1102894296693134
-0.01062614919876044
0.1250211153337779
0.02225557730973203
0.092949651154918
0.1155566736857851
0.06763061883336072
-0.135287805237859
-0.07488691504890241
-0.03002565459287453
-0.0190935087108563
0.0732535448304239
-0.01728379298593825
-0.02815839116032549
-0.07690750555235563
0.06951786629714735
0.05370859431220068
0.02701825171624294
-0.02697071764098471
0.0711415335955032
0.05083048015117095
0.1472265986386946
0.03792274897245531
0.05162349013261978
0.03129996294523062
-0.09828338108162875
0.1222008396838221
-0.04613907607668477
-0.02103208584682557
-0.1308772767858765
-0.0858554979635498
0.1184003987539263
0.1441994696800186
0.0863838343328559
0.06131691179125772
0.1097466891373498
0.004058685884701926
0.07604259539021067
-0.1151629242523944
0.1240103512891735
-0.09302131488216533
0.1081619575231562
-0.0432292636045282
0.02884337808644639
-0.1187517201736678
-0.1237219310540072
0.08366899622305266
0.08500858793861657
0.05334871509905486
-0.09330300200828839
0.006201380392718296
-0.04578866623085912
-0.09600425399745746
-0.1058470966882532
-0.1441261429172137
0.08533978839809654
-0.05413915793655144
0.1280673955363517
-0.1108050919350895
0.07487669557221405
0.1472576243995484
-0.04661197017543886
0.04334697288701397
0.1414877078899508
-0.1101969989452811
-0.04530936020254431
0.1012828786204665
0.04393350761813716
-0.1192153468565553
0.1361531751410169
0.01796760327596992
-0.06217811098396583
0.09441876040198376
0.1247945998436706
0.116624896735699
0.1256356504220111
-0.1489748395011701
0.0503102798420022
0.06060229230864028
0.05434614945190776
0.107029510300238
-0.08313607099563319
-0.1413953427299318
-0.1389866082480505
-0.03901709130385562
-0.1355004009999966
0.09635366179449431
0.05688576380755227
0.1425258322633533
0.1355129037995884
-0.01822129764832494
0.1398791910783198
-0.06101319105065987
-0.1248533762567642
0.1313703517538233
-0.02118025487258002
-0.02013763944687389
0.0826699265260518
-0.1272615980600197
0.01063096222285734
0.06886009880061135
0.04072347884643242
0.09843381011966613
0.01321471499824417
0.01547797926393774
0.06507756379065521
-0.01111711286423186
0.01659226362810413
-0.03457905561157391
-0.1004775061126785
-0.07899741100486418
-0.0775144958097846
-0.03358896922756794
-0.07039203619693156
-0.06648899668662023
0.07743166077743883
-0.0558878476053276
-0.1201186868402705
-0.01569777169593981
-0.06332269720537533
-0.1345219877086251
0.116155102244166
-0.07347194421268556
-0.04559910031376446
0.1412886531054122
-0.0921203189956652
0.08326809269762968
-0.02886758122762457
0.1405160016721377
0.1059820353283463
0.1317454622255077
0.05948303632866206
-0.00320553346097739
0.08028959260799855
-0.07730785834022522
-0.1377325755832614
-0.004642380044945013
0.06154399784807812
0.02878836574845703
0.1107638527305716
0.1110931291887419
0.09990006706699245
-0.116694582818625
-0.07245475584462996
-0.120500086029242
-0.03317652662946445
-0.1449878940282407
-0.0263485396219756
-0.003187642484337758
-0.01065631712778366
0.06029836463826914
0.01225292082885594
-0.04450684703030832
0.1368715883078769
0.1167080987963633
-0.05320412335996726
-0.1052171952142067
0.04999930797495846
0.06798188733505715
-0.1146306912873033
0.00605296333554252
0.04984496476478548
0.09486940136056837
-0.1471326765932456
-0.01989068079905486
-0.1324480200479548
-0.134815556719853
0.1255375382943812
0.07920076995868429
0.04410235639886773
0.08638436568947667
0.04036286142660968
-0.00599007063803343
0.1197237966780502
0.1179450111780691
0.02353951335733685
-0.06341871216232145
0.1229153146983416
0.1471423840681955
0.08333136033663123
-0.03776151772282944
0.05747898572265035
-0.05438718150057362
0.06774366129493833
0.04431974531015111
-0.08770953080516869
-0.135468664916828
0.08910040779479744
0.1123104775179437
0.08252927016485823
0.1244954301753623
-0.03157646451666025
-0.01762825733827672
0.06937024103855226
-0.02875387759021558
0.1124708515192493
0.08700381335241561
-0.01355142822253927
0.08804422456056497
0.01618296869287996
-0.1194976176947095
0.02444479149220018
-0.09344952245654252
0.02455648872689684
-0.0058773543979875
-0.1255728887407999
-0.1019406592086549
0.08067984936460644
0.1473638820204153
-0.1048023715719113
0.01404920160292345
-0.0403768354752392
0.1026567129438919
0.1096583891256102
-0.1226317271603372
-0.00299347210426869
-0.1280319819603473
-0.1080846870323671
-0.06387717687257362
0.1342878557441529
0.1244622120921806
-0.08934123666621478
-0.04729673714813182
-0.04315628871058462
0.1300476332430271
0.07397914667722391
-0.08065613216448438
0.0670103962594211
-0.08959351348534347
-0.1426274532650156
-0.06679106766686801
-0.05904787456323733
0.03178958620042482
-0.01027288342671423
0.1155010881809097
-0.1240593575544183
0.01421495464479337
-0.1364200848953257
0.1066662467140821
0.01160188501856558
-0.0911822151886103
-0.02929779779420661
0.1212183936587803
-0.1385234651089677
-0.06965316000653451
0.1486264176459141
0.008512053630811027
-0.04761698911816042
-0.1094830883887676
0.09458453314824715
-0.063315793479575
-0.1349686450828829
-0.1446759020894939
0.03934173601539973
-0.02820967100950499
0.1353391005434832
-0.03669165771772032
0.04117610313569808
0.0523013414732336
0.02367778644323241
0.04853165142510138
0.1355580922081507
0.1147070350144448
-0.06962616547357416
-0.02474558717729354
0.08020069263108348
-0.04364898255124565
0.1395601321482579
0.09383525864963868
-0.08698117916688552
0.001168076855283008
-0.1473204065925602
0.03377241771979005
-0.02758219146482019
-0.1358125944458857
0.1141753857031727
-0.02895683665735161
0.02271493556670222
-0.08344530103337951
0.01157433333208148
-0.03264921841387755
0.003194108127357208
0.02656044183876271
-0.0273769827100542
-0.1074613821544837
0.1483875846796621
-0.04204515040611524
0.00587257949551271
0.03958175025725054
-0.139688926356661
-0.1203814238330217
-0.06182384101309224
0.1459047687253429
0.1443594354183899
0.01856839542231309
-0.02877424564638359
0.07462084319038891
0.1249323875657087
-0.039182865757517
0.0184715001208325
-0.1120459531501542
0.1119693437891952
0.02112363493367118
0.07171852023984787
-0.06560989167519128
0.03530241155015551
0.03587997630856871
0.05542509986754819
-0.09198450642298432
0.1023979939163431
-0.08302305847444905
0.02536078066028837
-0.04439696392542983
0.09355997713955258
0.1479788530162861
-0.001846690536142789
-0.04402991846437909
-0.1459330657962095
-0.01841675064292556
-0.03370117481051642
-0.1162981363790663
0.06974025684566863
-0.03781621324867519
-0.1219321753587635
-0.06168976902154349
0.08342039918897677
0.1026885265853635
-0.08673730631777997
-0.1057441224517292
-0.02883965849679102
-0.04881500237161394
-0.1437235115954181
0.1423632379802807
-0.1270082870360967
-0.05929831844084664
0.02765277878199188
0.05879185076224208
0.1460622558856426
0.0856334428067093
0.01124470403165101
-0.08697163598649181
-0.039027675826863
0.1168272108480215
-0.1433967968765658
-0.04103320086147036
-0.03501785115838318
0.09855280195882653
0.06494207472309126
-0.03095211168866016
-0.06988969348970013
-0.1187806313367899
0.00275329588219688
0.1498887508065042
-0.006554066198791612
0.0308327054116352
-0.06180786308823059
-0.07316760928936131
-0.01650072637768137
0.00139162608423944
-0.02887861167959268
0.1046650385613016
0.1026036668240451
-0.02264897994304373
0.09695796457032463
0.1255748593718647
0.06799987120135574
-0.02540655746580776
0.03439867864362645
0.06405245674069253
-0.08975400552495166
-0.1043706383449278
0.1271187750863972
0.02125082888803113
-0.1375507727430326
0.1337129529719301
0.1301917353233244
-0.02257192438228961
0.08226126233644741
0.04512226054841217
0.0965011890167058
-0.13763522747542
0.07635164645739996
-0.05071320769745465
-0.1377497973687398
-0.08018016916964318
0.1301026656326167
-0.04959485181080817
-0.003345951720797838
-0.03637528757915651
0.10187002915511
0.1177630100119038
-0.08169819835793479
0.0545141673507467
-0.05486515617000653
-0.1347081958165591
0.03011277650472775
-0.1368669531897479
-0.0100949537558946
-0.08547260182470839
0.07720489587260566
0.05014882965434531
-0.03982570236802848
0.05434854217675978
-0.07858766670698399
-0.02735188095251721
0.03805353652015884
-0.09838351553882382
0.100110292463511
-0.02967355875367723
0.09676851592860011
0.04661712860240096
-0.01728684034736917
0.02315165155714325
0.1458810542753113
-0.005024796594173818
0.09292733999605572
0.1259797224590333
0.09543398344445193
-0.0604213105784898
-0.06039883790687614
0.04727711232429973
-0.09265403392508421
0.007889516741616705
-0.04818246185456262
0.002471669872243245
0.02314857868969513
0.1319607887655019
0.01566882922295
-0.1368848084588952
-0.1034943515057096
-0.05713213832787912
0.06330489737244112
0.006691102018332379
0.1471888780151353
0.1346863301404969
0.1292867217483391
0.03520173620069172
-0.113736048082919
0.07937191292457033
-0.1444409115069324
0.1330031119967806
-0.02398306082033699
-0.01172221626262219
0.006178921456396209
-0.02809685414884822
0.1332545965025265
-0.05087345272202788
-0.05209495362082317
0.07869899573939729
0.03867736867034093
0.03748891829898053
-0.02402572746753733
0.09601554768425533
-0.1046032054480447
0.07779421868948244
-0.05149508091292902
0.06857835238191114
0.05972311082833753
0.1141235587631964
0.08167824610266408
0.1062132318351273
-0.09300053322829216
-0.005043689480637539
-0.03709478272350342
-0.09580533112011264
-0.02036996191055471
-0.05781105800247077
0.08942896625059654
0.01592166671640627
-0.1284181181115323
0.09498835051096366
-0.001062815580592369
-0.002424209995537949
-0.06674817480660186
-0.144885287936208
0.1194805858829333
-0.08347580586621156
-0.04577432233512251
-0.08262530473407284
0.1452001988941857
0.1429030452766093
0.1048585306610181
-0.02882226693552806
0.08893022591033042
-0.149747094605421
-0.1010127095650715
-0.112566530179666
0.06882687707715163
0.1087275091573214
-0.1484117629211406
0.0005289421937129199
0.0649786628702244
-0.09141405513208607
0.1454888595488059
-0.1221450064955499
-0.03724489308998211
-0.02487578456704978
-0.02997813959382731
-0.09782084405967062
0.1410222194984278
-0.008407117678656166
0.1471606677185557
-0.01007049323518823
0.1391758683735073
-0.06959691463655134
-0.004952045630437251
0.108628394824743
-0.003120447392749446
0.09927054941250872
-0.1239973804945427
-0.007885414961806572
0.09220718622027582
0.1308928585427219
0.1133482230177899
0.03112856231880886
0.1311492387888084
-0.1376907683144424
0.06857250733743134
0.04999701165667435
0.1210439985120239
0.07017629381976019
-0.09945903307493693
0.03602981484659235
0.128776986984869
-0.1039711618788142
0.06388099279465514
-0.05847007664911855
0.02112302082077188
-0.1161106506988673
-0.006298845024055403
0.01215419481454081
0.02551829666472227
-0.00908983746645076
-0.1478445719340097
0.01469795601725034
0.07131787080728015
-0.002785047152043478
-0.02667074551415098
-0.08177193773431886
-0.05349853000956348
-0.0006311620101924031
0.06038902504549717
-0.1112893855539267
-0.01972781344203071
0.02370527369580891
0.06985028580966562
-0.03857448119852288
0.03604048450949708
-0.0115619200897666
-0.1385723711236917
0.007061098556525802
-0.09140347405637952
-0.08802327599933127
-0.1068951552001358
-0.112601802779288
-0.04202028882375903
0.106950777665175
-0.02106417500918158
0.1291434725489901
0.1408856994470453
0.1226571134406015
-0.008740021911499751
0.01640433795915744
-0.03649000646327634
-0.006579204889453055
-0.1189189188616067
-0.1151516789695476
0.1406637925631426
0.00443017221180019
-0.04690967287196253
-0.06283004615775162
-0.1462157238902045
-0.1365375083845825
-0.02412887893568821
-0.01594707096267269
0.03715951349264061
-0.1042719871757747
0.095483362140177
-0.07682423622601056
0.03415884752330212
0.1069107699088359
0.08024292589185855
0.09275671480171158
-0.1311454439678422
0.1233481047093153
0.1301492856312584
-0.02313577932631111
0.08035555819153076
-0.04091367442733636
-0.04399601515332945
0.07125346353972958
-0.06825760272350608
0.09732420371622076
-0.06232007503267353
0.04528555733665297
-0.0592365204544938
-0.03121959193541298
0.08014321781835593
-0.06856635685239258
0.1231764914263271
-0.1167855416100109
0.01857431063668864
0.1269541166713461
-0.1033392896575366
0.144445013850958
-0.03898685550498084
0.08383193986615861
-0.1098124315160271
-0.09349506567726974
-0.1429842924092344
0.07435680327799822
-0.1365835012242265
0.08726622035720005
0.01712097510676312
-0.1177319753800883
0.06063085096168424
0.00916256371954601
-0.008980014724671262
0.1063807243375318
0.1152422865356322
-0.08767919741152988
-0.111867151984238
0.06247544297468128
-2.372711889021363e-05
0.08349280309054478
-0.1467180789476681
0.1187059284853832
0.01352849891614659
-0.06530078371720145
0.09199364981098156
0.04679473283331539
0.1032601355104815
0.06885382263377958
0.09346569698007406
0.09781962430829617
-0.1201021854797689
0.02720323473511017
0.1378779563552683
-0.06360693919358762
0.03430445669720925
0.06227099681575356
-0.05023115309178234
-0.02848259837599555
-0.07061114555662368
-0.01789942969809726
-0.1178056847943098
0.07667909319983074
0.1412432750748826
0.02318631831955884
0.03310951444539598
0.1064158362152889
0.08544617373834545
0.07119848689960483
0.01889221485006488
-0.064554436774277
0.004619188336662589
0.02209223192307206
-0.09593910125885401
-0.1319142947816759
0.1067962665568981
0.145976482722427
0.064790451070585
0.05999017173361367
0.06478204909086305
0.00823542907951277
0.007727985115383258
0.09469209279254531
-0.1144942599542754
-0.004361824684437536
-0.1189014050745041
0.06977974057190574
-0.09208880176648418
-0.0191345802547987
-0.1087337587689985
-0.01268018694757287
0.1129584338498999
-0.07659377976477519
-0.08609539931533858
0.1040727915815265
0.09660278170712147
0.09699090604277301
0.06046966491214154
0.0319917257766212
0.01810752340093546
-0.07061666642336994
0.1174484885439648
-0.1272836066842239
0.1014994884978197
-0.1284944090582878
-0.1091356478124353
0.05831225603229137
-0.1325456172102751
0.1056505116065863
-0.03170416382332591
0.08228199049523247
-0.03609438249126885
0.1260342854039751
0.02696214185054084
-0.000618456177422584
-0.02834062102794278
0.0579866506458437
-0.08089620455826764
0.02954201125641259
-0.1111841582027155
-0.03966527041174991
-0.13324018020112
-0.1483253199482725
0.03372743547676709
-0.06931043191165301
0.1057682381305422
-0.01970549229252472
-0.1223430564183591
0.01628628203503127
-0.1376663128890741
0.0457939296825209
0.0956311967568952
0.129733875114613
0.06852316604528416
0.04715212817943282
-0.1487339542395783
0.1094242641671773
-0.04460384582110979
-0.1313120961124805
0.06501762671759512
0.07370357618832651
0.1010214236948089
-0.1210901398790902
0.04972793692016868
-0.02206290051742114
0.02833581985003737
-0.1285417595391318
-0.1141263208122167
0.09735063934478101
0.05091484938558084
-0.07528439612707127
-0.09224271596610469
0.06766056160490476
-0.07365186098304595
0.09143447244087302
0.1483843459133879
-0.1177999935837171
-0.07826203814332244
-0.1240119833907469
0.0484503990642202
-0.06592274294375117
0.07185520274490707
-0.005903027464465211
-0.08619329146702834
-0.009651386053120652
-0.1088040022588384
-0.08497278517588831
-0.05035571787893112
-0.003447260606968548
-0.06632400795028094
-0.1353612604769781
-0.07971806572952883
-0.1154036172503204
-0.1065304179565734
0.1199217854899925
0.01249630592299542
0.07175155236436599
0.1413015829494743
0.04835107956168391
0.01907967126807605
0.04217868866412161
0.123044674564296
0.07677076120856159
-0.04015351475172777
-0.1006105003565974
0.01816606652457342
-0.04181975576266902
-0.06847033542906948
0.08991304332269232
-0.01580226834264263
0.1299686350214497
-0.1260171371088551
-0.09399851710406291
-0.02597731997761664
-0.06225232897188515
0.04632418500760621
0.0152194093218124
0.002777366728827384
0.1459805540985805
-0.1382115117351221
0.08645625062734152
-0.1393882707839092
-0.06800031212651302
0.1210362613510622
-0.09593216950103173
-0.098072650530942
-0.01647524805489767
0.1258175673617754
-0.1067813607749669
-0.1180814891040249
-0.005091094918671101
0.08545976379222281
-0.1450597291177905
-0.07834299636777847
-0.1047051679133343
-0.09564512774870156
0.0898595597987631
0.003472484816821572
-0.01415080168153187
0.02976545412602543
0.1376543948247922
-0.03417127795754247
0.05367723748560854
-0.1063829699950859
0.08983945531577249
0.1414499714138813
0.0899847434634764
-0.04495625719044463
-0.005823182094930543
0.08592402883207996
-0.03318889036856993
-0.06934444029407179
0.09652440714006272
0.04882903031117911
-0.09830052236740093
-0.1494066702642738
0.1007703466241835
0.03522148244910427
0.1264107204861816
0.1440274364104685
0.06711765897787486
-0.02870948760065581
0.07940280614684965
0.07199898602673011
0.04291053876769834
0.124642701055502
0.1262899718440179
-0.01727958479608271
-0.02191176811227883
-0.03785584344048514
-0.1375699349265797
-0.03430427365279377
0.07795639785495614
0.06614003732875288
0.00937549851801873
0.01777786273732209
0.05759807753446725
-0.05070797256622046
0.1227966334674621
-0.09822817500286551
-0.1147365396296175
-0.0603881044108632
-0.01758695713897411
0.1317151469993929
0.1384455881120964
0.03418310990277246
0.1323340039652699
0.08918191302011264
-0.08069069423149812
0.1087274635274416
0.08325691891120085
0.1364238440276599
-0.07002444376863272
0.01260630552960988
0.05845428598796773
0.1229892273640833
-0.0127138706142428
0.03467060786528738
-0.04442461620344813
0.1153244918638386
0.1468867001005286
-0.03195145618728221
-0.0689384012103062
0.07479965534253795
-0.1158260991514777
0.09041343947572576
-0.05742198328182065
0.09176224793178657
-0.110286830139216
-0.08463571498586243
0.1435257225139145
-0.07506876063104367
0.004984570239938514
-0.02404072847922273
-0.0933398366259082
-0.006587865771067335
-0.1399133805247655
-0.1110226809746824
-0.06743949654896635
-0.07063476556024718
0.1476702416616401
-0.1342650961757187
-0.08425091305995018
-0.07238426358960705
0.02830743467481514
0.1241554726174282
-0.09948417348889114
-0.1344278776228807
0.008895310165143777
0.006161150850439876
0.1309180243901205
0.005773167482228142
0.1242075214457475
-0.08803346962503168
-0.06943037734926114
-0.1416273205652195
-0.1476253750294104
0.02312316692410802
0.1001288693203822
-0.1079246794069328
0.0884598638642244
0.09366928983215966
-0.03300790019877421
-0.05655979638949189
-0.08038520310756628
0.02365100366548003
0.08684040753305643
-0.07034495885384665
0.06261968280732751
-0.130613346213229
0.009007939058129967
0.06027633074851181
0.07475794797939225
0.1379077840954508
0.06346544581219769
0.04895544485317577
-0.111556022043648
0.07899650264484716
-0.09221996334368031
0.04455832356524023
0.05993061553979091
0.06357140934225873
0.0187414937328974
0.1218320597964007
0.1440886366795837
0.02713780274342912
0.1242276094091216
0.01721218961629257
-0.02274782223890487
-0.1337089297289089
-0.04430119090586843
-0.07908999990828799
-0.01671804130528994
0.04913866144274483
-0.009464419765842492
-0.1430477990042631
-0.01406297726217317
0.07014492997480858
0.06952815337763275
0.005304979164604105
-0.07084069076929654
-0.02020238373510191
0.0404294053854843
-0.1461149738852103
-0.03234463047518494
-0.04612435548816212
0.05280819794734618
0.006090582626972006
-0.1171151609731079
0.1105978523741515
-0.09935412878995678
0.09279664949732271
0.02415792533383573
0.06942287877242372
0.06465473169832604
0.01826757747335657
-0.05344918670093312
0.03888739894722119
-0.114529541050923
0.07379906238972139
0.05517752176237626
-0.008835605441777699
0.1446987942341803
-0.1115724103314423
-0.1097435765491103
-0.01479232112099359
-0.1046407652948564
0.02619704252863312
-0.09465773865343301
0.1148578482701503
-0.1184871103221041
-0.01548571050983509
-0.05532049426726538
0.07195749889430773
-0.01157699850256181
0.06235451500452908
-0.1241424634146268
-0.1087666557604327
-0.08155800891650229
-0.09127103642853497
-0.1481544985984353
-0.03088175624154981
-0.1484580205070711
0.02599900223107246
-0.1114561260920533
0.06619559594877263
-0.1057457720337696
-0.01494405897786861
-0.04494694151805836
-0.07029103993468645
-0.09115069230668135
-0.1397794630793752
0.07084696308765678
-0.09645772356829263
-0.1013694497021952
0.1111178729665306
0.0387625628471611
-0.05600690546967409
-0.01267207884877964
0.09412712032526922
-0.09111909042084115
0.01885380231854988
-0.0713632214056162
0.003551559405318038
-0.05918119837438551
0.0670509103369645
-0.08409092990064226
-0.0333346776608495
0.1082898354713889
-0.01562620466155267
0.02539842850909292
0.1101146848471808
0.1034918259229897
0.02694325228459648
-0.01386586982973647
0.1420295517561257
-0.05685707710328086
0.03035127531599082
-0.02294728965023192
0.04816781251659519
0.1100905802275695
0.03595906446724721
0.05836634555705789
0.03093320820518341
0.08948573845237012
0.107029543091271
-0.007924565129573099
-0.02176642942235869
-0.09900565806667376
0.1293823899708537
-0.07765438585529701
-0.0401154615069373
-0.001737313863466835
0.001043087957630182
0.1134982856240484
0.08907900253808934
-0.08189577509893925
-0.1206334491434295
-0.09428153648930421
-0.1236408176777927
0.0137247411262984
0.08113003073442136
0.1364709868805444
-0.03281489436913777
-0.04195952963567324
-0.02741572698858168
-0.04080481042923925
0.05116277899729925
-0.1470483537598578
0.08627958811475303
-0.05067688648991725
0.1130252351231791
-0.02780132879140895
-0.1422984586153059
-0.006031432010263658
-0.0883108310309183
0.1147303268562073
0.1360291956904464
0.03992776448980395
-0.1342731094901854
0.1154173279076581
0.1122963765543537
-0.02437401891046289
-0.03634640693877795
-0.03670665395428027
-0.06093597760157786
-0.09729236789291755
0.03136852499090239
-0.03157396021848806
-0.0415678943625193
0.05771031310324203
0.132152120111611
-0.1104556409475345
0.04416515132624536
-0.05066214544833456
-0.002411710236611669
-0.1332311934397677
0.0585463639244676
-0.10125473570199
-0.1302870160570507
-0.005186093391732566
-0.001915128706163141
0.132773682257116
0.1170446354340718
0.005803845500707928
-0.02327001202506252
-0.1212786110763509
-0.02949136782592538
-0.03726350286499613
0.06864792832785337
-0.01375811618195351
-0.07181811985792841
0.03091530714150807
0.1118395670863074
0.04178968211272138
0.1442061161119633
-0.09908514672481186
0.09451916520900018
0.02558305074682807
0.01933509567036792
-0.09706933881361748
-0.06671915201854647
0.001507598952919948
-0.05747795356769044
0.1274816993895626
0.1008461065462564
0.09011171131545016
0.1442547662051114
0.009414139246944692
0.1388761960656066
-0.1360140350737839
-0.1457679182895794
-0.01302527140360046
0.1467538877102883
0.1212826259862644
0.1427578445773379
-0.02651931942971038
0.149992791811569
-0.03673214644067636
0.08621580361832312
0.06861261350218853
0.09950087706718996
-0.1356221198835544
-0.05043407246483241
0.06137117675139535
0.056193710353203
-0.05620803230602549
0.1123001409007216
0.0007261217331044069
0.1193902107515269
-0.01836190845494884
0.05366493090157377
-0.09733892940611259
0.1331174435761873
0.1461595332227738
-0.1198716429935883
0.08395901414877475
0.08628256295342814
-0.1256067234238544
-0.05662091825675181
0.07518091945871522
-0.111601695119857
-0.0523897168699065
-0.08790418699030256
-0.1148917291629353
-0.08111146048914333
-0.09512720660414552
0.008569233272919231
-0.08115568930619078
0.01811556412429498
-0.05519817924677082
0.1375062996917036
-0.03237697112817858
-0.0408265336061443
-0.06294928050591631
-0.1210050454935085
-0.134621176773977
0.03085300602952751
0.1412946278287563
0.01609669062902256
0.0002381982412285868
-0.02708791463781538
-0.08025540008213872
0.05287997449339066
-0.0439747520694682
-0.08410758796907075
0.08300559463067538
-0.1100138986674666
-0.1478368743754766
0.1073827696194022
-0.01665511678866679
0.07730863886046352
0.1457367611376618
0.08093613327262426
0.1393761014091885
-0.1191711324125164
0.1498002847540082
-0.1057507762324302
0.03943086019858149
-0.08132511204363993
0.06236547339901221
0.1342341122966748
-0.09381075610521093
-0.1199826722741572
-0.05656514365422217
-0.006766074677171493
-0.09100046806775472
-0.04120332101514539
-0.1259186057307577
-0.09971022959484344
0.1248741146947353
0.0242996035234562
0.0231895417067931
-0.10538232638171
-0.07284247971034366
0.1292187055646428
-0.03948453697339072
-0.1398337534138773
-0.1307839510039075
-0.03731041393702435
0.1175435111480797
0.002564282746692177
-0.1100093685121316
0.113301730486526
-0.06648060222278054
-0.1206224051956354
0.1441477318870157
-0.06666006333347724
-0.07635848390105605
0.03359841310090716
0.002018595123093342
0.1360147696008607
0.05818052443721027
-0.1339882687893799
0.111271424836154
-0.09852942380154726
-0.07496253100700515
-0.07997060729004425
-0.07454066853669911
-0.02468270576729699
-0.1050553778024941
0.09976632287517799
0.1485030908235908
-0.06046304526953319
-0.1230438690023814
0.1277789246236387
0.05009019024835816
-0.1129076091722099
0.1469102085688701
-0.1372667519357126
-0.1453598869973443
-0.0005151992293302162
-0.09726803421535651
0.117938732785807
0.08302162842606427
-0.06788103212179665
0.112080088929243
-0.1336727604758335
0.005737974716526755
-0.004314352354068852
0.01839793850839102
-0.008209249767025478
-0.1364822745181942
-0.07342292953481672
0.007821051815200075
0.1248264536438418
-0.02196735556536874
0.08282536375793034
-0.1051553333307822
0.05350678447832261
-0.09182891352841063
-0.06021134481162552
0.003324921560999577
-0.09332457963369101
0.02934938652434189
0.03027220646556728
-0.1155946866919342
-0.0705753933214797
0.06738838286712424
-0.1186432417041718
-0.05781113185737298
0.0720412506991026
0.0308652867896073
-0.005068375318822017
0.04001644741076057
-0.03607347995262501
0.07708455321211895
0.002074837605623041
-0.01980251672212229
-0.06722453496327434
0.1477920472125018
0.1486211272875797
0.07459549423731338
-0.1386726005481109
-0.07482598424595653
-0.06760520275822132
0.1361087931860275
0.05319199618110306
-0.1347743134407389
-0.1190429043462725
-0.04329296534029228
-0.07660770775339905
-0.02921961042849785
0.1100376154109097
-0.01991952998627323
-0.1498666027683923
-0.009686262264029506
0.01449527967270984
-0.07043339686095268
-0.09227235889213968
0.04586900338653042
0.02174928707011883
0.1297682030868055
-0.07328085237673081
-0.1333197921953434
0.01979046540222387
0.04059983779017774
0.09372435587698592
-0.1281196797018026
-0.1291614736802006
-0.1234664333332379
-0.130325323015076
-0.130555820831444
0.1011169227190472
-0.1190037028086754
-0.05537575419063229
-0.1164980329375093
-0.1328875900841791
0.1478097673441745
-0.1012596967904783
-0.1019142926531245
-0.04547588119752035
-0.02787375934024854
0.01884024076993586
-0.08543019886306222
0.1022103970423963
0.0189778505860917
0.05486296128789295
-0.03331866613575388
0.09855192203360331
0.1126054037865738
-0.1374194730526973
-0.02971065668866691
0.09236794501524366
-0.06067959139452692
-0.01300452210614916
-0.0378227150915942
0.1298563578561369
-0.0693341223216931
-0.01598311781824444
-0.1492830342846452
-0.04278007844544919
0.003697669047045013
-0.1298327602114278
-0.09164855749196889
0.03466948089408908
-0.03521488866349538
-0.05813304484962734
0.05180583591488927
-0.03738370245655905
-0.009392861556815672
0.09991806086358501
0.06711666443088102
0.1127175202785028
-0.0312603513949976
0.1317079777468045
0.06497501324328897
0.1377237587037143
0.03658633978710712
-0.1183587176031687
0.08626979176522293
-0.000802272476224292
-0.1057873175231129
-0.09342709532835002
-0.05842992490574672
-0.01650291418409628
0.04354587748964989
0.05371722508452405
-0.03660880458827855
0.1242395369038196
-0.1122494345438882
-0.03586410624760561
-0.06853742680956736
0.04143986817734879
-0.01571128786176134
-0.01018896444469671
-0.0738638053200439
0.09907235696790392
0.08166563130558013
0.1279405219500179
-0.08832166847867098
-0.07773435896127738
0.07784667398870426
0.1288201401068489
-0.114984376606851
-0.1033798027861899
0.1105467090661162
0.09993091117800396
-0.1156931005581135
-0.002902926520049666
0.1315972138765431
0.1206145814286794
0.1463194791185748
-0.124183254165376
-0.1228209426857211
-0.06211055830497608
0.009316881077206497
0.07071724814426565
0.1415922670787388
0.1227341703877012
0.04497603774691628
-0.1206295138799296
-0.06314784091712879
0.1264419968464732
0.07082703490588629
0.07114665310511369
-0.03370293973304705
0.1469196072934291
0.0201756787479049
-0.102096131518717
0.1248692239825763
0.08189199837911142
-0.02980652733146723
0.05273984644201384
0.06071354136157469
0.005192185149361519
0.09932641336598881
0.02122811161992427
-0.04486730534863646
0.1336509148303747
-0.1316568020046614
-0.06325448635653749
0.1042739233470801
-0.1353159969264841
-0.03742544150012123
0.1314603896178734
-0.04742068094666458
0.121873032174052
0.05215495173636973
-0.05583978554471573
0.09458754505908967
-0.05287899421275075
-0.02646831298676552
-0.1185652518017608
-0.07642779745555431
-0.1056655688993395
0.1025660749413304
0.03981548848183283
-0.1087258641653323
-0.02722513600311416
0.08774064166257829
-0.1338295375880455
-0.09533583819868165
-0.09206246039333214
0.06891488740131708
0.1153724948432705
0.0631314467937561
0.01822237156409012
-0.01339111815090141
-0.1317139637935334
0.001934420773658915
0.004981219255169266
-0.04498141893831625
-0.04383053821587145
0.0196577129552683
0.06764117953420123
-0.06235481993565959
0.1221906287316799
0.03945327980584654
0.1397984362065172
-0.08357317507122364
-0.01592908556405469
-0.06305914007956698
0.03990153823779019
0.01550119735500238
0.01051708175705051
0.08422802309488245
-0.03193181693276394
-0.09968003017823432
0.1255120700497116
0.0908518355767706
0.1380462509600599
0.1416995703802906
0.1455049326372206
-0.1040035709438237
0.06060485460402514
0.110865504726411
0.1091494241359888
-0.07113273236242124
-0.05249306025916222
0.1274312121341002
0.08077924347321834
0.1024429262053577
-0.06757244266434553
-0.1130789623703222
-0.02790923264955435
-0.1499725954200463
-0.02545975733334778
-0.05571694175414279
0.03949022859788532
-0.03566051230250825
0.01067211845965146
-0.1264335642753257
0.05126518922653994
-0.09942548546527771
0.03906403638829423
-0.08822031773811338
0.1348217232918172
-0.1428509856865495
-0.03789905610236029
0.1103499556480085
0.09800460932277108
-0.0498405052430695
0.1020376759040098
0.09349483461095219
-0.00383659829330528
0.01264737695841453
0.05438031330905394
-0.0446970484459042
0.09150674272222689
-0.1481269773186032
-0.06727374457142297
0.02225620482773976
0.104331650556019
0.01515922138680568
0.05919269413662501
-0.07357605543137163
0.01518554886511943
-0.1162554095709443
0.02071844874393022
-0.09531727879016987
-0.001911923008982378
-0.07176279208453194
-0.1006564761255962
-0.06806587205625513
0.1172443813808079
-0.03891396281783471
-0.08322245773138597
0.1244384691770809
0.07316742125200211
-0.1229329105636115
0.07241418372468854
-0.1266307568847935
0.1291590109821114
0.0159154414851914
0.01950512330894798
-0.008208329294101773
-0.07967835426714662
0.1248423625310042
-0.06671189726513645
-0.07780601663996373
-0.09243196563633831
0.105575249717831
-0.1234723065533293
0.07271635814045113
0.01474496543447037
-0.047047861955671
-0.06206792521672672
0.04851230562833341
0.1236820358796278
-0.007409436174404362
-0.1034212956960348
-0.1449050023578205
0.07086154608518781
-0.05403685892338892
-0.06295036416223004
0.03816636722230379
0.05709765403925111
0.003865597075336334
0.01264305950809034
-0.01969073432520398
0.03099284197341082
-0.06488559970949249
0.003717062444301295
0.01015775464553254
0.1010361532114762
-0.1267459454448924
-0.1479986522180597
-0.1285981963840154
0.1481294585488434
-0.06468322739540719
-0.05638632858524943
-0.09426916686366715
-0.1090788603063131
-0.02982071512072198
0.1284593784177236
0.05566621753716304
0.07313988037129489
-0.08358622147054072
-0.04578261033455356
0.04682488088688431
0.05900002247669442
0.0008467095219098847
0.05195771903088388
-0.02008344478716299
0.09678038140984765
0.1389989671582558
-0.1318996781352551
0.003912136323914767
-0.007117617712988885
0.03073209438553954
0.1342115606046161
-0.1261034370332964
0.1158597199932016
-0.01204827738263525
0.03407313819175176
0.06691636179999937
0.01124062090230722
0.03608087735659336
0.08833012253271209
0.009371784804677197
0.1213940870303299
-0.1180429706416475
0.06511327187865824
-0.1376718112173872
0.002132934193072494
0.04358825435893254
0.0680402601538203
-0.07471173421332652
0.1100187222196662
-0.1277306669906679
0.1221375422726425
0.01907079226998242
0.02310713859761735
0.02409638239336632
0.1489862250992574
-0.03007765758909567
0.0131332541270258
-0.132916912989942
0.1238383207274501
-0.1439764928724004
0.04783195726948726
0.1080742627896973
-0.1200817165028734
0.01365197248175466
-0.05400497754913716
0.06394808575653545
-0.06937995447858786
0.1072679656544546
-0.04996693736576425
-0.1310820673391392
-0.03337089414023902
-0.07851227885099754
-0.09908683077420634
-0.1182514425749056
-0.06620660542457106
0.05301337373158026
0.07535766486245682
-0.1481564555684753
0.128313296277705
0.03538180044476968
-0.1258869377926868
0.1004833835905916
-0.09554425172023484
0.04722899392831142
-0.02543100755499305
-0.09657404699787293
-0.1328219373927742
0.1377289044282334
-0.07946843067023088
0.1410141072142775
0.1437311759282958
0.1183862343358747
0.09910914841201306
-0.1263189502949293
-0.01790314703111055
-0.1048394025578897
0.08769258862896785
0.06272999327292975
-0.1475422846751135
-0.1122326610230829
0.08168637075208234
-0.03086129758039444
-0.04073206966861134
0.1326166365264299
0.0009081720078235698
0.043082804869975
0.03568751038096174
-0.07370422397272713
0.04496123290202679
0.01402537489655458
0.1116958738618718
0.06910039330905601
-0.03547404307303127
-0.1338267254023683
-0.03365494571206386
0.0891242740262826
-0.08036820837796166
-0.01647193544091494
0.07684945564494659
-0.009830311185609758
-0.02544240281883572
0.07061748036226868
-0.04143013620030966
-0.07632556905471471
0.09429548079092877
0.09065975100622743
-0.03114861147332157
0.0319958119236036
0.003403912400115457
-0.02868430430947395
0.06976689771700212
-0.06489349401421961
0.09044589495367654
-0.1209621710787239
-0.08227233875986069
-0.05863927914005063
0.07214035911959646
0.1034137659270819
0.01764131582362972
-0.03290489409985414
-0.03255670480643916
-0.02063924310274017
-0.1138032331723823
0.08197228384278273
-0.004467363820676763
0.002539285184393132
0.02110382844961831
0.06516460981028965
0.1360842919171949
-0.05204132696511165
-0.09465924257474824
-0.0393479996319976
-0.1314200165491444
0.01391563279843268
0.03431714626221286
0.1128610447170477
-0.0454038038257477
-0.1468072946989052
-0.005118766546016846
0.1079828269025161
-0.02550416293452537
-0.08534469631340598
-0.1068940092993091
-0.08504460730571817
-0.05629892838239685
-0.03915994839035269
0.006319996473689661
-0.1341584653920055
-0.08574316372015153
-0.1260098139791801
-0.01706172177981031
0.03171366329866267
0.003360687743986755
0.01915358548448675
-0.03630681384080391
0.1488979349199165
-0.1282941475546493
0.1348014356749575
0.06407083776722836
-0.1421950716604318
-0.06722928842031524
0.1194201715157188
-0.03154103785656236
-0.04864399011140847
-0.01665710207490965
-0.1472042145777074
-0.08575883950396916
0.08792365638970359
-0.1440371089867432
0.05907004974714145
0.04590745860209035
-0.01951379665470662
0.1237777044391141
0.08901914715961483
0.0453920469557586
-0.08253545521405976
-0.1001077174203086
-0.09821826644972942
-0.06667626017916353
-0.03587691983732566
-0.07423268884859455
0.06628836632632769
0.1458683333091811
0.07912045134146728
-0.06459114337505585
-0.04044873363566607
0.07803631452542001
-0.04285561345265
-0.05565680644033016
-0.007919747711799039
-0.03504730832116137
0.02714717651768461
-0.03845976057289669
0.08342618930916684
0.1284972046128129
0.09488901025992987
0.08622643943682126
-0.1072471302361683
0.03282452017447317
0.09220842497980131
0.1018728174076266
-0.07122929901798757
-0.07728918239450894
0.07566613513777806
-0.1321895026121231
0.1181535972081352
0.1431666832255961
-0.0822911253097719
-0.1300552471255056
-0.07350179910487285
0.03186663802370863
-0.054272792889974
0.1427913318149036
0.0277347410182476
-0.1251453847685942
-0.07177691936769688
0.1373039464842241
0.102899169553215
0.03537719798221831
-0.06832320090341444
-0.05499180127001669
-0.1496576970284881
0.1088182535639015
0.0565538834266174
0.08376954446988993
0.08731675927208433
0.00144364334964391
0.01999429986811465
0.1300760026088099
-0.1157260621995011
-0.03778833072975067
0.08196042040072325
-0.03695518091973716
0.03492409422237702
0.00763978162710016
-0.01914082253437549
0.003091017962173483
0.0008075251422695215
0.04857725645931917
0.02304345656170441
0.07731269801399419
0.1187698292552867
0.07010713383117601
0.1081841258432083
0.1435981993837112
0.1483312008505735
0.09549832736756096
0.09656465132823609
0.03372770221411243
-0.1228415524055727
-0.1084379614677303
0.03409246144115832
0.1360152933523547
0.09813131018945372
-0.03214422164941064
0.07332303587477954
-0.05040839806993425
0.1378965189352281
0.05342252619614943
-0.01614201711344668
-0.04993263434716835
-0.01459127522370344
0.09689507696263211
0.134996550620343
0.1430027627968752
-0.07228682249297969
-0.01190713572953745
-0.00618735815307164
0.1263320825548662
-0.1388846311398139
-0.07885269618727249
-0.09319364349096391
0.1299198968812623
0.1412622631983425
-0.1350337528916005
0.1235483868392739
0.139638274862376
0.1104957253698115
0.07009385273936965
0.02334542778594055
0.137638393489744
0.1116557751777831
-0.09260556039468248
0.1236184444834181
0.05975979006609357
0.02519802115591981
0.04695494006691
-0.1406697682007627
0.01308394174792364
-0.04964264290113755
-0.006841343313541071
0.1131514235136302
0.08572528111524026
-0.05988953649190107
0.09817526614110796
0.0787646358864295
0.01784475969405815
-0.06374675177378462
-0.07741009646410524
-0.005784759690539908
-0.05261775080957247
-0.006280703054441469
0.05098396087595241
-0.07269461239054163
-0.01501041866157369
0.06595883889802266
-0.09916321647547337
-0.02543652155691558
0.02643754797842984
0.1209694380663235
0.1478902989089786
0.01408211713696013
0.08262308764414719
-0.09466257542045557
-0.01225859574988087
-0.007609222255418677
0.08058007146980994
-0.1153234578693005
0.001757369590929862
-0.05631727209185274
-0.01495250540746413
0.1449548053699945
-0.09313152569502851
-0.07920411225107213
-0.06493225588025733
-0.1449596504876175
0.1495765649289428
0.1029143548559516
-0.05869772156851366
-0.07782634799380146
-0.05288930622811381
0.03871349891801069
0.06590174877786303
0.1481050892753983
0.1160284021142889
-0.09911506780100893
0.06409043305494444
-0.1331051197699583
0.02548870944144397
-0.05946059001036623
0.1378422425993845
0.02341055958491191
0.1046173945430657
0.07048684187350093
0.07874238656715812
-0.05769333050152107
-0.08713324209197984
0.009285880576024221
-0.0229927457641968
0.06463521681422688
0.1029741535786674
0.112044838404761
0.05957801375403569
-0.1401449195690623
-0.1171583324279081
0.1446250865691486
-0.1351281450583347
-0.1175875013804572
0.09753541077938077
-0.04383644294084108
-0.04543969468857142
-0.1053456936594729
0.1448846059267299
-0.1295383359182069
-0.1072542969801228
0.1108693096938593
-0.07863469716220216
0.1068640403090361
0.127796381236686
0.09687481570649695
-0.1026170921564961
0.1156592947588907
-0.02970059523393862
-0.147985078613792
0.03614552327804314
-0.1009572987995386
-0.05566672936831376
0.09901057544545656
0.058328692451539
0.07133047233473314
0.01362317637797512
0.01128580031804479
0.03337525409089358
-0.07680682742817536
0.02114586459653902
0.06619896520963352
-0.08216290237833049
0.03604795472567785
0.09864398340777603
-0.1345846377184436
0.142224029806871
-0.09678633809294875
-0.08994722875095582
0.1371217121725026
-0.07628443198522762
-0.04715740988201628
0.09804856766382916
-0.00488636538826932
-0.09028184306140549
0.07586471651672316
-0.05798944182412145
-0.0428864745619865
0.0415164416114196
0.06228352472183397
-0.04087746383623343
-0.07234948451369332
0.1113176854036978
0.05346328903605323
-0.1233199666546335
0.01965091676240165
-0.0251991454981562
0.04031811061042441
-0.1190324013404308
-0.1418166138782883
0.1135319520853354
0.05211490604697947
0.07440028456213489
-0.1185922189287108
-0.06183279209451795
0.02307145600127693
-0.1031949718210099
-0.06961556716425688
0.07631626439831884
-0.0431239835088546
-0.08245295573397064
-0.1499555508241413
0.05970306307580196
-0.1344035824326028
-0.004851113792734332
0.1194432014986363
0.09142904244093276
0.08712087530186252
-0.07344467201705718
-0.01706530310354951
-0.0005870392233680392
0.03566336050803476
0.06057766424961843
-0.03925098376505666
-0.06086331852220773
0.08726283026942883
0.1303812091650402
0.06394576338447626
-0.02241411593974949
-0.1386510412303022
0.07215342551287753
-0.05887284056342791
0.06347915225605404
-0.003424810351115023
-0.02748928339953828
-0.1483400068215517
-0.1303485232810471
0.01931039015325528
-0.06793208926105758
0.0959508965744415
0.1261827896729985
-0.0004030512918984328
0.09599912241697717
0.0359155305944754
0.01518591193603244
-0.05885679725179632
0.005358388759605224
-0.04336811010945157
-0.1217042765277122
0.08193845508535995
0.08959816917354237
0.02774193815703963
-0.03237273354586906
0.000219068183045873
0.1384848190679427
0.05676854710673174
-0.06252114239128248
0.1188987196361864
-0.0292005332098264
0.06508410649301832
0.1302316121703999
-0.1070531397268887
-0.1437863001379394
0.04375951576446431
0.03946503377699782
-0.02128344322230575
0.04542748757795866
0.05918831411765876
0.1480607906111646
0.1274564804165353
0.005117793593282578
0.1242304649835168
-0.02289777064025465
-0.04890429830076142
0.01014170851704548
0.1422285113766964
0.04220863288777628
-0.1344893075344912
-0.05109706111612908
0.07054213098026921
0.09744434467080486
-0.1115146275511973
-0.051731637784436
-0.08490360843326969
0.03870148788629475
-0.06322531424223751
0.1218931990588503
0.1261903006726481
-0.09435601990102831
-0.05735657165620865
0.04127088008862839
-0.1141211074526877
-0.01444484481159231
0.04747253628000211
0.07961684027626606
-0.1249552843239678
-0.1238079411073455
-0.02497809278621611
0.08420968662714129
-0.1257572344627553
-0.04752376734973149
-0.0607215105173961
0.1484921853706583
0.07956544150484093
0.0404117958108501
0.008646412299301435
0.07184428755780743
-0.067321227367356
0.02416241901501462
-0.1292513348334566
-0.1467780160348071
-0.02837810346811942
-0.09074523391916835
-0.0485015966521838
0.03671384063492234
0.09795895658735633
0.03826849369591121
0.008609434565014305
0.07416217450746708
0.09392366836551605
0.1012800709484434
-0.03456719899465218
0.1298231901214045
-0.06316128723762385
-0.1370833068022032
0.0594621890172239
-0.03809191161796256
-0.115511486432363
-0.1038622012052805
-0.08661809914530041
-0.01303676942437793
-0.01456315734729833
-0.08815222233671467
-0.08345481292770837
-0.124163111977411
0.07048525484120446
0.1383778648105824
-0.0414968410541025
-0.05531609896926357
-0.1408728306798516
-0.038272056189024
0.06630846916126359
-0.08161818428142588
0.06325118189011375
-0.04697356179496764
-0.1336340897895241
-0.04846714281271373
0.1116491998936338
0.09050832304468343
-0.1045218397255016
0.06292857553863199
-0.09403721831189013
-0.1247086521910483
0.1497850923388306
-0.08112256605775915
0.08474897614136448
-0.03832057491224091
-0.04200418740238412
0.1192299730279983
0.007789253322446236
0.02137658587436619
-0.04379843839952947
0.1432179253259006
0.08322452267049212
0.02273423838144296
-0.1309402719480921
0.003735568927444399
0.01111668523988521
-0.02242012507826568
0.09841409160664231
0.02026657423998373
0.08932498741015271
0.01468973147402541
0.08862282479528326
0.002572315969462794
0.1177485114770962
0.1049950670534721
0.1041131751948955
0.0794072844649121
0.04553509497421506
0.1495941073113171
-0.007689295185465755
0.1014436889206497
-0.1251253798922651
-0.007924805698318551
-0.1296640921313434
0.1096083469625971
0.1037411196747422
-0.0216737860497444
0.0788875802572703
-0.03841958519181477
0.1497228083751696
-0.1149217938541014
-0.04519950955925531
0.08296485694066009
0.05784730142389915
-0.02614720702219108
-0.06329556631813063
-0.08105798694485056
0.1014345240519667
-0.1148671507020715
0.08921763592880327
0.04074135577890404
0.04984396670104634
0.02784603172651304
-0.1066891049532011
0.01756522339289085
-0.01715213797525616
0.1474196121037772
-0.05303888306583934
-0.1216496579720895
0.1469858802177376
0.0892548958559046
0.1298166923648268
-0.1281432522303766
-0.06866847791208003
-0.1498432926690358
0.1315033976018167
-0.1149169240477639
-0.02149818758098391
0.06037694090231837
-0.003355549131182886
-0.02177569106055801
0.09545014941670464
0.1014226609002925
-0.08882850521483773
0.003274074910056672
-0.07471903774202743
-0.002109392067047155
0.07222906549731217
-0.1233226005789506
0.03301214971181039
0.0114222462470505
0.06743423947505649
-0.06718089105488426
-0.1107349209538736
0.1107366055608239
0.1004046785147951
0.02214142236473171
0.108175057711039
-0.102625921239484
0.05049310281207237
0.1051328748689021
0.1366133360855012
0.03029119207723422
0.1270050382724884
-0.082053580532013
0.03041496584502257
0.1085037445196745
-0.046971726956453
-0.1410565712238323
0.01887686812979366
0.09966414705668412
-0.01285418375741103
-0.0356750260531826
0.05108424061343445
0.04831644427904665
0.1176092935226448
0.1263430838554153
-0.1038142112455469
0.03982854147489892
-0.1469645069926658
0.07917419110802458
-0.09875212122068801
0.07045423594647221
-0.1379987295212552
-0.05947124225476413
0.03119509113195156
0.1123988387063647
0.1126345556612569
-0.01064553061660906
-0.1402437787815088
0.01310597866923904
-0.05549208520048914
0.1463802266047254
-0.1066059430701849
-0.07849029036930436
-0.08567863149110574
0.07382008086819812
-0.1199921977216352
0.01734139661631995
0.08274600073270297
0.04888452834010044
-0.0329819774126334
-0.08009849652389729
-0.1367924799255424
-0.131900487917358
0.1182147619010111
0.1308202496509486
0.1444597848602621
-0.1355993357487363
0.02064482969563201
0.147488929912572
0.09358828384945146
0.07191091349890129
0.06796044787092745
0.1055886064252195
-0.1375667291210599
-0.05084611025899932
0.06798981631574429
0.1250772743101258
0.08851843922819919
0.07773832785541256
-0.01181562967704775
-0.1169851823413072
0.07412481873018992
0.03157508208598007
-0.04545956117646004
0.1384491985206096
-0.04461243837914155
-0.01546881064188408
0.005782565639523676
-0.1118772720102787
-0.1165893660727288
0.1228049074029134
-0.04196791531819571
-0.1033762332677751
0.1409119265273122
-0.07374772449117527
-0.1225320643192853
0.1353849376823321
-0.05934024703041397
0.0480958125317377
0.1328696849526924
-0.1157567666092093
-0.02999126939480384
0.05081606011529604
0.139825607794288
-0.01755587357610733
0.1499773791451891
0.05782075873344111
-0.04247846984138717
0.08847658335571888
-0.01443617869508477
0.09569129113427165
0.1214827648526349
-0.09031769425300239
-0.0227479246526188
-0.07399438744251781
-0.1018808665481215
0.08263007188300725
0.06053802910496073
0.05391087026745691
0.1207664700090295
0.09395436147617796
0.02670098343961706
-0.07120419218616993
0.1405706639532028
0.01759994520681422
0.005023870836161451
-0.1319920952386451
0.00295581041176609
0.09567271802773571
0.06610977852593262
-0.01417905600388907
0.1299042236023183
-0.1138889646876741
-0.1133858515458578
0.1197607679472194
0.01855352617910475
-0.1134252333585446
0.02756019177287106
0.1260450217376734
0.1250870039279127
-0.1368671724289704
0.07175378050359033
0.09654980507115485
-0.07718234333866231
-0.1009772570409055
-0.1274319402439944
-0.02904656968657356
0.1316387328265821
0.08309631980111419
-0.1251688684098294
0.1023980555054122
0.02704881221975117
0.05152878508341706
-0.1188248327812075
0.01761032123851808
-0.08088222581763124
0.03619828263238938
0.03561992471541485
0.07207684821936541
-0.01811665171155364
-0.04827648127982828
-0.09211528533669268
-0.03819985044280063
-0.01216772254128316
-0.05549160333914409
-0.06844932240616886
-0.1436036535445076
-0.01888125073166321
0.1091070069016229
0.1324358719335555
-0.04382818924185086
0.1222402456078989
0.05420919891432335
-0.09725737277073369
-0.1049539607480015
0.1032204041406348
-0.0746932009126159
0.01599857637142193
0.08486671338979961
-0.1415899178266855
0.04082981548540385
0.03726470892395229
0.03546059433976365
-0.05763551822370384
0.06843928331099945
-0.09693723860074627
0.01148907638579151
-0.04535703855353786
0.08868730314156874
-0.06644664992156327
0.08652730658058662
-0.1095808731921605
-0.008546912770044098
-0.1016689978658423
0.02824519498545062
0.08596114458166595
-0.0201123002845382
0.0346454771934786
-0.08292943888390947
-0.06100928352943846
0.01709931945001866
0.0232527780263154
-0.08876052181696772
0.07598808292581918
-0.04370484076465635
-0.1254763633156399
-0.1487086432673709
0.1223087112457905
0.1093842338901888
-0.1402927514477042
0.01313063404460049
-0.003333177283047644
0.04522667783203546
0.1054869582457484
-0.08489317962688887
0.09824319440730121
-0.03301901354546528
0.01979540933614291
0.036914703097733
0.0505311177285764
-0.04372811296163361
0.07734032737978812
-0.1079670614243923
0.004588336466250339
-0.04441320560212558
0.1279430290936319
0.1344597673734235
0.1402254190718487
-0.1049926002070904
-0.07652418600314818
0.007317355229723602
0.06828573113324554
-0.01526608333250134
0.07863435211244489
-0.005725097929823893
0.09101918039859926
0.1031785664533632
-0.004416068150403738
0.06330757144418143
0.06255804513803145
0.005287886779484557
-0.07356844602659546
-0.0907922895750338
-0.09955914129066885
-0.1180800413484371
-0.02570330195848607
0.1486730779407582
-0.001092171210102376
0.1440725008837903
0.03563618309356215
-0.1005422830273176
-0.04967176905728848
-0.03704792018567216
-0.05855114024568196
0.1049481742800286
0.06857907085282768
-0.08057916689848205
0.08944880526507773
0.05883585208284629
-0.03554262977206792
-0.1370546523597461
-0.08384451893419173
-0.1172812676630558
-0.00235341377779326
0.1447470607033974
0.02697737795480427
-0.0613427892979726
0.0979259968922102
-0.1274448284167823
-0.1480397157169158
0.01048603696588229
0.02782925347027116
-0.07157973298754075
0.06973631315625993
0.07831584038398634
-0.03961419919143906
-0.1059637036243228
0.07701749695208775
0.1092860548472925
-0.1119250464358242
-0.03736261105536422
-0.1412598855432741
-0.01158260882938266
0.07561498327746616
-0.04980518875416829
-0.05660956417827352
-0.005816953149045206
0.01960728071061644
-0.1171681940407068
-0.09699734039675503
0.1340481694985452
-0.1042312590981214
-0.03084904699798033
-0.133248089245568
0.04340473126121849
-0.03609321520995983
0.04371513994749267
0.1320547478041163
-0.08816981664150507
0.06626641324712899
0.1340429496247911
0.07231323909245625
-0.05590466424196047
-0.08754724817797151
-0.007985946043254416
-0.127600853926633
0.02282386961977911
0.03604783051059294
0.09940956179260625
-0.0178881787044418
0.07411964507695484
-0.08795616328648129
-0.009074101325368416
-0.08746073429561733
0.1376555480831822
0.09105928504320505
0.005935808809108932
-0.01808950830673743
-0.03931973042976932
0.03875977823113674
0.03483498973960406
-0.05527696503543429
0.08451955099532521
-0.1460473350566915
-0.03856910298277023
-0.02211948356837899
-0.03215562826257606
-0.1448330009032447
-0.04002439593788969
0.02970261307910401
0.07143662150087464
-0.05598165679972002
-0.04794639662776598
-0.1344412632318075
0.006488520691714662
0.09404461537194851
-0.1120610091045914
-0.1206721176625079
-0.01993034061727485
0.1373215452085708
0.01142194740175356
-0.09581224047875349
-0.1006384777300002
-0.1477033654272261
-0.03325369440211776
-0.1129863997971101
0.09334862687277287
0.122660848065851
0.01886971240012102
-0.09597640054271642
0.01142471686863582
-0.09629746069583675
-0.001274024795596793
-0.05407737806788486
-0.09233071891247142
0.1101780661199536
0.07382176171663224
0.02554133185247345
0.1153478311857701
-0.1162109325532423
-0.09475216794003036
0.0367791426963785
-0.0221860994848276
0.00729568401611241
0.05232554844267785
0.1343014933506453
-0.04867271648519935
0.09026107074092379
-0.1363974078513078
0.08139725551049107
0.07757954059123212
0.02505114730836656
0.1356126737539567
0.1269403090162223
0.02733016834943474
-0.04766556046081462
-0.1360408604321082
-0.02931685859381967
-0.07497986359096664
0.03282193125686152
0.02470064925492919
0.08644226381359552
0.08656885413129954
-0.1265424625176299
-0.1176305294907344
0.1442132509021851
0.1336380963300732
0.1062142559054708
0.01976066811614754
0.09898531430631832
0.1399893558685787
0.07502724526992828
-0.01423418052417761
-0.03223343481727892
-0.06773997009552572
-0.1119635942369044
-0.04794168210431662
0.0335731992015193
0.1282941695749625
-0.03432355467830442
-0.03502887188092266
0.05587894762491608
0.1407037333588116
-0.04940167840833376
0.03283887153295309
0.01806808700270691
0.052926826329317
0.04679460961376302
0.1387331756069941
0.1279332565936664
-0.07038981716170073
0.0134462538437626
0.06437651820190626
-0.1338643960334462
0.03688620494971391
0.09671338346163855
-0.1396673629258133
0.02049930232380781
0.05289950065637625
0.0300830114722452
-0.03055073475873678
0.04286952550003305
-0.04492816220669822
0.1051980695227308
-0.1393390761545814
0.03734830729186932
0.1432569411692823
-0.03727589341969046
-0.07909918359362923
0.121513833018776
0.07836223896356873
0.03589834937743465
0.02742733092620034
0.06908746904636762
0.1364919713678363
-0.08978249138360224
-0.06283349359153859
0.03941055830170499
0.1069913421924243
-0.07413279030542531
0.01730587360648931
-0.1134115166585715
0.08932659803068957
-0.06832729279149381
-0.09726440483815507
-0.02379018991359796
-0.1216117152676282
-0.08690758768851128
0.1466993779926881
0.08129069346604106
0.09315796824344484
-0.03385665495249916
-0.02583142561311928
-0.101761495277997
-0.07865925444123834
-0.01517842912642497
0.08555910450410287
-0.08541504249273259
0.09753867808604105
-0.1435006745752419
-0.1138650088703373
0.02591705060286207
0.04241811394108577
0.06356185421436059
-0.05498134890980066
0.02890389176859577
0.1237539043175459
0.03216293941392201
-0.08169420387857931
0.0807609490344912
0.1080513826148487
0.08562881979330078
0.117376512455578
0.04736273016573726
-0.1327044125289117
-0.1299023362417742
-0.1264303455458184
-0.1042983688427393
-0.06681373349211259
-0.1297188831667422
0.1269996601761891
-0.1236603765345177
-0.01357391774853706
-0.04882740396033086
-0.07543544670048653
0.05777223615054909
0.08599779199157136
-0.139862570973126
0.1223817291621268
0.03354036716363704
-0.1333558821841362
-0.1414854010116017
-0.09054520703224977
0.05904738324262276
0.07204023631112186
0.004459716614353281
-0.06206045079268526
0.04578706383264653
-0.113367132374042
0.006236937788463896
-0.02345557738541608
0.1446726862698255
-0.05815778242014174
0.04203419655920618
-0.04079883116934203
-0.03594248324001541
0.06567205580771231
0.004886620040436131
0.04721507117564641
0.08595353794502175
-0.01805353564204982
0.07364533211532823
-0.07763498543124678
0.08305424530312738
0.1481289444322606
0.1301389858321691
0.01909987150145481
-0.1417246802215161
0.1024741209172703
-0.09740149778178862
-0.125066327464633
0.1110690104829295
-0.03793222889560467
0.08394522743780067
0.03302332074522116
0.1165253350694196
-0.1280327702888852
-0.07116819303808192
-0.1469306588471552
0.02805683867752917
0.05532758114995244
0.1477566440182215
0.1199230275164886
0.1491773726703559
0.03973568918889848
-0.07094568352673873
-0.0367580403213412
-0.04465303702543237
0.08386307495724107
-0.1396471654119611
-0.1087852581232628
-0.08423478662912751
0.08389457921961231
-0.03651909758401919
0.148704015936676
0.08198020528211865
-0.0563878120059052
0.01772443655068319
0.09012963769233477
-0.1040529319216545
0.07022972401456623
0.1150307786951914
-0.1430849025357247
-0.1178156535538331
0.04886905628384913
0.03989079981606149
0.1486617807833648
0.07075541652669481
0.1186202214074291
-0.1483419280045977
-0.05118983760621942
0.02397904178992554
0.1494207852665025
-0.08131158526687357
0.02309382588167187
0.03916000315462165
-0.002251716567835577
0.1363206976360434
0.144481773358471
-0.06840678754829224
0.1467192749389504
-0.1142876727560652
-0.002647929658690714
0.08059308493874594
-0.0008129348031714737
-0.003926577761847129
0.01259216875328325
0.0927862974695246
-0.1362447061496274
-0.04730559292274081
0.1387455153418225
0.0839925971846473
-0.08227915751200676
0.1456691153766607
0.1161775255529744
0.1166543316236785
0.03556753937715923
0.1148160382019496
0.03738985217532646
0.004165925836419087
0.1165219663452284
0.1361918638403233
-0.1219003077794692
0.1158882764726373
-0.09514168467770802
0.05120070741069664
0.005058323246572464
0.05260918732496232
0.03752804379590568
-0.0004738612265180854
0.1342206734035433
0.03422520158573083
0.03522201893909011
-0.01845591281871921
-0.03516574738332937
-0.1155017088102963
0.1276252364268414
0.1274474795669853
0.1271981426830623
0.1413842293385663
-0.0698992704453438
0.1159824320023478
0.07545027334358927
-0.002216096252926207
0.1116298615402706
0.04157852122388861
-0.03555315446345369
-0.002753536351038678
0.00634634821227417
-0.1481584196425653
-0.1486475630402246
-0.0271148037004462
0.138117336825198
-0.120564934705145
-0.06119641005013737
-0.107072703436805
0.08069159709092677
0.09389958862270652
0.09547037269762464
-0.03185716239121501
-0.05667061607451242
0.0797007357551975
-0.1476003206704694
0.128535831423932
-0.08878228839278182
-0.03287624072893146
-0.1370107133212357
-0.1111646295706319
-0.05550183784907369
0.1401821977023824
-0.1198486714954718
0.02456513869741718
0.1061202894648949
0.105472004596755
-0.1276603359946551
0.06770382656167491
-0.002974443304379534
-0.01321539880753289
-0.08519907475502321
-0.1466957759388648
-0.01147548948433727
-0.0838464084883029
-0.0238428806613274
-0.02347171476105055
-0.05446081614623727
0.06489153338936278
0.01939336545851749
-0.1238506103241959
0.008688140431867473
-0.03512972200787741
-0.005690422397231676
0.102017060141122
-0.105423082861505
-0.003354233313797678
0.08055703841776027
-0.04423404902080585
0.1138163828122285
0.09354273373323722
-0.005398004770542931
-0.09167155875259118
0.08373565086192598
0.02476269613962315
0.08290660546539037
0.03982739928873904
-0.01978224153592521
0.1052106231246398
-0.04245633638073736
0.1272241786242156
-0.05808182877413779
0.02236288645650711
0.1305226452848502
0.08051494971855817
0.08855825371034935
-0.04334511618967001
-0.0929793092897772
-0.1159690828037219
-0.1283972087537168
0.07647166337188711
-0.08979894737273381
0.03026993403314069
-0.1087212044160326
0.05453966043176232
-0.01767676389452889
-0.064181109328935
-0.09882377552505643
-0.08716660570409653
0.04164203424704721
-0.1349652794279056
-0.1436129320339451
-0.1137868112665248
-0.07669270996876944
0.09012667522820136
0.06096821198357296
-0.1438092463146032
-0.02003126600750505
-0.1088301534030892
0.1113976607769074
0.08747428035118039
-0.1316049317600643
-0.0966346755145238
-0.04016012764003575
0.148938251438203
0.1338399639929349
-0.1016034801295933
-0.04434550777335757
-0.1090915545308992
-0.06753118250999876
-0.02276507563736881
0.1173589289604982
-0.007312560631837195
-0.1424942234875294
-0.1413365000960239
-0.1027951515988467
-0.01019902063248542
-0.05549455682626608
-0.05162136387253668
0.05264190514067543
0.1361265855553127
-0.03664472166635194
0.05903993925344014
-0.1276258927282362
0.03675959747126781
-0.0008305509501028237
0.0832635166194462
0.04285027880436237
0.1291495584273191
0.1245257433661151
0.004275496644419358
0.06660889109828268
0.1428140892762655
0.05763546168750857
-0.1234784732548257
0.1418016886256314
0.04150714346322441
-0.07516639857620536
-0.05252324271966376
0.08245563938431984
0.0073440055758943
0.07464506810720101
0.04968858166952286
0.1499883805522108
0.08220451371553981
0.05837973265958268
-0.1028767854606586
-0.07809735068393864
-0.1471668644789847
-0.004482889155285197
0.1245651946422437
0.1389203633940004
0.1088527154641281
0.03356181222564254
-0.1387269643049884
-0.004442171721620796
-0.1172537086778018
0.09456658489567552
-0.1115639988663379
-0.138132793190865
0.06901884998659999
0.04272096832802127
0.07848303223385665
0.06189607830819511
-0.04961665864105425
0.1049659178573293
0.05367263696861106
0.1418172758630241
-0.1202445842218849
-0.1488794459096924
0.07419346193492173
0.03706188153626021
0.0757567424150692
-0.02608830179085874
0.03701954624749137
0.007915065410927784
-0.1177229079940791
0.08414940503635958
0.07982164916265869
-0.1148835634412962
-0.07033173095309801
0.05438678505998649
-0.1259361237572471
-0.1114478674659615
-0.0620298690880428
-0.1146383272050642
0.03412945105968235
-0.02926843195282764
0.1299241213433504
0.07257388293107149
-0.01740138765904981
0.0489501146981853
-0.03469508444602996
-0.08893942838819978
-0.03915475401308331
0.06564971285896935
-0.1354709219327939
0.05746716521638254
-0.1042437666622483
-0.1343638283051296
-0.01835662215776344
0.08280730998613861
0.0913951346025222
0.1055522732468433
-0.03018891244785229
-0.05072658932834018
0.1378025686483942
-0.09604558612983748
-0.120908535533616
-0.1270874993622318
-0.01639173265105664
0.08345457867936781
-0.1030305978241548
0.02215087217936968
-0.1285759252495909
-0.06769029235744758
-0.09373794504382786
-0.007859394009909815
-0.08777484487682442
0.1288308058294674
0.1247235454979722
0.1111728067028059
-0.05587280448366173
-0.1142245165593712
-0.07799233958752168
-0.1402506682407161
-0.09823900613639271
-0.06346898694262389
0.06719511522144339
-0.05248313169042537
-0.04784061438060323
-0.1011627454747062
-0.1196785613567218
-0.1064590635189703
-0.1456137406652813
0.0001263228248772434
-0.007186004482097027
0.1421938902209039
0.05407649586297653
0.02190139168420322
-0.1348965921017831
-0.1123157149488806
-0.04463499266739853
-0.08792752280121939
0.05983167597587515
-0.02320976445075828
-0.005615091696485097
0.1161000756751425
0.1189299833261758
0.05660707430554451
0.09492192886737662
0.09365003360404851
0.01777040779878559
-0.110950995257289
0.129434498533361
0.08977976903455787
-0.1012072379770926
-0.1188132630894975
-0.1236899493321724
0.1159966984671437
-0.02129224532631444
-0.02153207024511154
-0.1351629832045403
0.009032692339146069
0.02201676752300482
-0.1307694399597377
-0.1408398400910398
-0.1351724186965576
-0.1385797526473231
0.06324128753598646
0.03673110238380144
-0.1234789217714663
0.100924909417006
0.1420963957901349
-0.06140338501941427
0.01075587332389035
-0.03111176466218308
0.08298249185022687
-0.02314973870679026
-0.06218199559749386
-0.01041301713888827
-0.07822410525866839
-0.1185306777771994
-0.142643335151976
-0.03918005008231392
-0.1390984902252001
0.09713529960153065
0.009616289326487127
-0.1079048970596905
0.1234446414508213
-0.02438530619334894
0.02080650778576008
-0.04808285140855049
-0.009546812765250561
-0.1201585332269976
0.1239321264641606
0.009687800247186903
-0.1109823903169887
0.1387712706768134
0.02110784750225324
0.1022415373876836
0.02549516432462684
0.047635848603862
0.05317073473174508
0.01759314501353096
0.1362248526591546
-0.08608628423042108
0.1364730272674406
0.06920226418182425
0.04076790623266993
-0.07570792744623085
-0.09121146845340471
0.1125472373167006
-0.04423217217367676
-0.08384914661576096
-0.07663670707982173
-0.03333015818815234
-0.1367127479477127
0.08298683518324637
0.008766174843128713
0.1367291239082392
-0.09139975046742756
-0.1204266464013134
-0.06135007383616303
0.04905879761109716
-0.09058521804095868
-0.08742283390160621
-0.09127041138270213
-0.05159063955291852
-0.09866071163676657
0.07983193133172187
-0.09934744405054745
0.07683234602741415
-0.02254199583473274
0.1038168739321031
-0.05557344355861158
-0.03631422196598325
-0.1322616887807944
-0.06909301938268543
-0.1171096143605745
0.0585092582542685
0.005203251474328666
-0.0583165278964238
0.02105821504196409
0.1109717727233595
0.007833013454237767
0.09443003357602479
-0.07235992564336904
0.02112157458596499
0.0274132730616841
0.0864045575350217
0.007850331691297872
0.08601937009593273
0.1159775001888595
0.09649934490959594
-0.0149389599521009
-0.1246080012936856
-0.1409185614293987
0.04379742378877169
-0.02619664522326481
-0.08957786862405033
-0.02637408495344329
0.02445318061787946
0.1372562348002359
0.1010880173658958
-0.02172677540363901
-0.06831642471742574
-0.08522551931184663
-0.003987134673658226
0.01259024227952664
-0.05233373458968268
-0.09548113703484984
-0.1322018898695862
0.03935197290776491
0.07558307911394532
0.1287670904191825
-0.102817571613973
0.02001350647240637
-0.09358527897872553
0.0683066027336649
-0.1025757126802911
0.1428097002276923
-0.07384967744770352
0.1334324954172351
0.1087871643904884
-0.1273515967784085
-0.0315011757468229
0.134178647922745
-0.1182692708253359
-0.1377049757589811
-0.04201876421950976
-0.05784453490904282
-0.01407352648710928
0.1324419467080287
-0.07058838577288123
-0.06298410448535495
-0.03929203420974933
0.01109209308057813
0.001786157396389198
0.1067234868495493
-0.12631759597475
0.09945541331536842
-0.1387492266904358
-0.1085192009141047
-0.01119230571820558
0.08683604275291067
-0.1297526445928022
0.03599125752554222
-0.0431546969841707
-0.0733437763761621
-0.04570522033588163
0.004269938583205236
-0.0805259528029395
0.03045275042258163
-0.01229164548244738
-0.1217319665486323
0.05310542622785269
0.106205611562333
-0.1375495396740871
0.08484260993999755
0.1185064940776489
-0.02956496795476709
-0.1229902044924175
-0.04556063654623362
-0.04712665862592894
-0.04359696273467217
0.04144688367497325
0.06359675970287582
0.1175179123821334
-0.1067641514827208
0.02030784196164669
0.1411802611066384
0.1426880469441942
0.03156344825636567
-0.117330160803503
-0.01850281923387881
-0.03160934193233028
-0.09708116580400869
-0.1325079296403499
0.07524168317503557
-0.02042290659782051
-0.02821343207125841
-0.07048676655736544
0.04905000342782183
-0.1477641214150189
0.06721655899795283
0.07731685244631104
0.05534935509876988
0.02342862192548211
0.08977123459405564
-0.009812077894980443
-0.00807442957884303
-0.08980607469811763
0.01717515499928568
0.09635558411208066
0.01306384703726177
0.1235878479970549
-0.01219831153907358
-0.07334655597257404
0.09109352606894869
0.03104124611937245
0.09696432257031416
0.08228189950064956
0.02373061945446717
-0.02147133932042228
0.1149540045835385
-0.1447699161377496
0.09692679915723966
-0.1321256283747267
-0.1272796593882728
0.02216767796378111
-0.002550557552579138
-0.005492032464226748
0.1016808189175098
-0.1034972377907141
-0.003252346711512322
0.0189017996335935
0.123820096488782
-0.09790864740598046
-0.1076699690915703
0.06358512924938206
0.04227725684284175
0.03425690331182533
0.1237799383731233
-0.09054431393758745
-0.01938390495940831
-0.01314701520171063
-0.1169543166288906
0.1184187849535134
0.06350740326100592
0.124140605265409
-0.0005390315273373023
0.01047478223884296
0.05642118283055857
-0.1268082965513577
0.1390041632526569
-0.1216129410541619
0.08590670169816857
0.03925835066620069
-0.09881867594359291
-0.041879887486341
-0.1133083911688888
0.04565220353890761
-0.09019894115589133
-0.06675783797211818
-0.1075793462075983
0.07862521979414819
-0.09300189650112541
-0.05552165291820742
0.1210109659056062
0.1205783132350123
0.1367231018011916
0.005253697236201619
0.09438757498609615
-0.1037795737474925
0.1358939132570868
-0.06879744525570836
-0.07072982611573375
0.104306790578709
0.1447346262350589
-0.09660545806272651
-0.04621244179442647
0.005245007540352451
0.1098497881710557
-0.02301036830864234
-0.005716893365455459
-0.01879928634077144
0.005370132136966317
-0.06985782816811112
-0.129544188610012
0.05655552689841566
0.03823133756220316
-0.09286659270355885
-0.04785189134392903
0.09803448850893927
-0.009611681555225449
-0.005446759149044376
0.02672690016573671
0.04737989928286502
0.08907817917700808
-0.002227295653913766
0.01802373230248742
0.0758785914091092
-0.146972272253603
-0.03757195279427131
0.1220875154791504
0.138887091160602
0.0436311496992855
-0.09867084302018633
0.0932265670666766
0.03845490181014105
-0.04526584118116951
-0.1030358116591134
-0.1063675302853894
-0.08540445113390153
0.02398070686580948
0.03786767832944012
0.0458020716673305
-0.1206607718512517
0.1180673388218054
0.06629439689534518
0.08586989915421141
0.006322802700265715
0.1234433736530955
-0.111924112457983
-0.0455971874364615
-0.03617217630269804
0.03264646955998825
0.1311185382812092
-0.1387664061955004
-0.02827458403063752
-0.02113907455548682
0.02924615503590695
-0.1024259485723877
-0.01811246638083996
0.1416889543048434
-0.130366622241595
-0.02922458756618631
0.03531575462554904
-0.07899651197804662
-0.08596210881344891
-0.07628045780687384
0.02575176127980717
-0.03900350147606058
-0.03261122140689172
0.09037785905380853
0.1349621687695355
-0.1447182563291548
-0.0138252156405758
-0.1356795159358162
0.1233667360034416
-0.09753431621660019
0.1001898113766746
-0.02033740602114545
-0.1240796102730203
0.1382787248421381
0.08401654275197394
-0.01028415558484844
0.0209212126180691
0.0651798830391048
0.00094847062869688
0.1426210795677393
-0.1059991257574387
-0.1197916357368821
-0.1097670821505358
0.0258797109837962
-0.1281789196415531
-0.09015889584280798
0.1466865174530918
0.05718706814846473
-0.01916329951178559
-0.08933008353820233
0.1309024003382418
-0.1433699802885465
0.02173271426832997
-0.05169202035268539
0.09697966072788572
0.006686380847118745
-0.04639161819484226
-0.06680660719298225
0.02100677797368001
-0.07304166805744317
-0.01436680274415952
-0.02878013789859992
0.05662224028903862
0.01155875394094532
-0.04051904490217702
-0.009352462622322477
-0.1487320051482086
0.1303896690403069
-0.09417546016156385
0.002246848398403252
0.1230231677100593
-0.05016796040734847
0.03244338749232569
-0.1367533599156967
0.125731212613595
0.05431850125890558
-0.0768972719312743
0.1224206288360109
-0.03849719730695034
0.05400050645338188
-0.1168572874242773
-0.05756402801369966
0.0606239367204745
0.05485613550727702
0.04075932691230301
0.007608828247975753
-0.08844028572397561
0.1443896959269501
0.0908050010990782
0.08259202906518877
-0.07864213448199953
-0.07354188801664911
-0.09619635624835249
0.1279831984602161
0.08799757449660681
0.01327867529047918
-0.03135339411629847
0.08928322016295726
-0.006325292486039027
0.02444965108010503
-0.05848318079152224
-0.03330661184779678
0.124286314278499
0.12397608710888
-0.02006409228617244
0.1000067432736867
0.02828715667388598
0.05305881603907493
0.07244505200520328
0.1397940415393935
-0.04296271446506861
0.1055947928476406
-0.0677568437887886
-0.1323524853484969
0.01042478489938966
0.122983794535901
0.02527589637778875
0.07199746859036422
0.1173749400014193
-0.03392901144903843
0.004576635189972854
-0.1112621619734849
0.04253060011017006
0.05838615084434648
-0.1333020681331452
-0.01948454844076092
-0.07833249269286159
-0.01465503581848694
-0.08019829436286433
0.06535267325381662
-0.1401944532762164
0.01133166896187196
-0.117954165528087
0.1340972841988785
-0.01469202985289025
0.01198443891218089
0.08411384431397043
-0.1364053665355481
-0.08495819903291499
0.006561971099730466
-0.1466076181921239
0.02208769763001855
-0.03785539926336017
-0.06436668437221581
0.03975724997984265
0.1225992297988814
-0.09134245421523494
-0.08495859377797897
0.04461089320827502
-0.1239475437149673
0.03113627220795333
-0.1007884508235698
-0.08521363994746665
-0.0763439705403974
0.1075995213965641
-0.06849200508548216
0.05420098816767657
-0.1207311356299337
0.06683721157997553
0.1239733033647067
0.09461468868267431
0.07666452847139255
-0.01463359278044473
0.126721824058587
0.06072585451019392
0.1206350693653665
-0.0113421218073441
-0.005113712587938517
0.1342853402663832
0.05366551051547821
-0.1485716275961324
0.1376572859025727
-0.07417921984194999
-0.03636937944336956
-0.07675319960563683
0.1155385728308832
-0.06381923110083955
-0.0180469482831834
-0.11939609569066
0.1307739272191759
0.007999687583483916
0.06177414472372277
-0.1199577022467184
0.07282106902289948
0.1354119283840995
0.1376270327809519
-0.1456890914372079
0.03962571524995741
-0.1330858100094264
0.07116424395265043
0.01362858758591088
0.1115325386261084
-0.002178385009902663
0.1489804866409919
0.08818732059084564
-0.09143860889923153
0.119621210257671
-0.07315300053186594
0.05344344117240175
0.1038528957713711
0.1305347504957869
0.05488400701246544
0.09153547857231777
-0.09362611321574496
-0.1315063725817848
-0.1351566761176115
-0.1280519895406793
-0.04528931382542081
-0.003184056000039358
-0.097422637059183
-0.064475588466728
-0.1451743192596348
0.1143218025967683
-0.03443796246360355
0.0776414546161406
0.09975734708429024
-0.0467970472840549
0.08195394504160468
-0.01061438955325973
-0.02987253486221686
0.003117490418353293
-0.1469851700046694
-0.06834424103332942
-0.1490653710562119
-0.1480120055800023
-0.1301515907647712
-0.09049730889868071
0.1216066394289533
-0.05331203967169677
0.112958815311374
0.07548529181874983
-0.07275141181145189
0.01784338755114058
0.01702481447402546
