0.03635040644410503
0.03189110209939578
0.005588331233052832
0.1410481202334069
-0.1213002246342153
0.05817131593259722
-0.0734160950658561
-0.1164648327346554
0.02251947881581205
0.04215426791736987
0.1111875537390755
-0.02773439502536733
0.1453709336456752
0.04316333281167063
0.1116590759496104
-0.03450024675866272
-0.1037226586295659
0.1146896029380206
0.04715633120782262
-0.1027926559383707
0.1166703770183946
0.06699693297009664
-0.04328746777631868
0.08828550527268575
-0.136311038373977
-0.08033043978773562
0.01376178352573225
-0.0590558318698388
0.08751358101255828
-0.1192089124887586
0.0745795384816975
-0.02613199227987032
0.06269990497425951
-0.06984982385390842
-0.03509558118597953
0.09137434123255586
0.1383111062343136
0.04148661579317575
0.1249103900817879
0.01081213505594162
-0.06635575719982581
0.08612019214235314
0.1330696855815053
-0.07100460807333737
-0.0207629947673101
0.09474075932407988
0.04450120930488757
0.02552699670871083
0.05942149398715339
-0.05835179434475982
0.07273525660915155
0.02609798384791011
-0.1413537487114932
-0.120567772429267
-0.03563684740999024
-0.1276669813186757
-0.05090145550394028
0.1281253649397323
-0.036725730307895
-0.1133871467108847
-0.1410935456784615
-0.1121604594503816
0.01045806292979388
0.07156393211397823
-0.03201529733634012
0.1253573069545287
0.01291724312708695
-0.04371430402953587
0.01682591661757616
-0.01218116682384187
0.1170971683695026
0.1004753329497292
-0.07610016311939105
0.1001718350315085
-0.120538492637787
0.05313799432300732
0.04490838788691935
0.07395664690810272
-0.07135428432347783
-0.04567095094785713
-0.1343928020110133
-0.1486374418114279
0.1304371763443925
-0.1257449228576407
-0.119209254797968
-0.05519256872420953
-0.1033976502079087
-0.02010831252568587
-0.07709379432313014
0.009862107139069582
0.01648355130198684
-0.06819759578670864
0.04767855999208814
-0.1230579169770841
-0.146632436494007
-0.1343385659199001
-0.1476989201162101
0.01629190676071616
-0.02804005697918494
0.01912723345265309
-0.1458983480066273
-0.06095317000342644
-0.030414448881557
-0.0719963723359245
-0.1107776846646644
-0.0009526198603140523
0.1311552530179966
0.08413472203375832
-0.07699781938474883
-0.09021853747878901
-0.1115492768752228
-0.06138964730278144
-0.08884594770994415
-0.1311325164465371
-0.03715316510914597
-0.05806884954205128
-0.03632070743741907
0.009409165761775921
0.07180081401929085
0.03654910361994688
-0.1307507088538076
-0.06171274056842456
0.1183533518636324
0.06692706505820423
-0.0347692642497834
0.1217229828786817
0.08258946121751763
-0.03246788189891629
-0.01199419193681174
-0.09545893149788905
0.1366541769440833
-0.007882476877532378
-0.006405359608089619
-0.04375894262790349
0.07012852125902995
0.1052393130608602
0.05122355937670151
-0.03308150128814336
-0.1217171446291147
0.1110282017110078
0.005378592613756789
-0.03311721429219298
-0.1278151560561907
0.02424761878761085
0.07971868887677021
-0.03589513013778431
0.1378935643568819
-0.06086304630919843
-0.1140942277472206
0.02444436338463978
-0.04161343821400428
-0.02580716851546794
-0.007205167108600669
-0.1246876546000777
0.08942278252533102
-0.03547529137272211
0.1078999927724051
-0.09304988827302342
0.1025306847210932
-0.1375580784937862
-0.106405186783572
-0.05536419478782799
0.005987408283463189
-0.0001821763758898074
-0.1352538765110145
-0.1111842817057304
-0.04488500063702635
0.06599451176494986
0.005769021889789073
-0.01658650030641122
0.02704154912272909
-0.1388814467639173
0.1002689691327952
0.04921246187082079
0.03540408045278407
0.03002057084726229
-0.1366805918571201
0.02331041742902415
0.1191556382388258
-0.1007719436815528
-0.1022692328943041
-0.07247394433891544
0.02344428864137827
0.04053640696855315
-0.04715338976284974
-0.03716120392645655
-0.1449461848444893
-0.08927131244995411
0.0197869456659568
0.1075732548245862
-0.07683866039339245
0.0633875968752127
-0.09777531372031882
0.07919708246184368
-0.08678857042116797
-0.08301831780250607
0.1180363357330024
0.01833917784218061
0.1329746201470666
-0.02621805104009096
-0.1482678622512886
0.01001838951484399
-0.01506978791479904
0.1020106969270598
-0.09073680960199171
-0.1296593647953932
-0.01796056634549452
-0.07741300923113034
0.04363624176117215
-0.04880975822562333
-0.02818431903208677
0.0913777259132038
0.02872040944659137
0.1452366165187614
-0.01808134188397067
0.1315640074800372
-0.04194589154256306
-0.01304204402014196
-0.1076956081687269
0.1278599670403125
-0.05544805339088634
-0.03451698365999083
0.04124983145180644
-0.003196191644312853
-0.1053229384225668
0.1044781856070558
0.06379718697330337
-0.1372913021290972
-0.02717914348437742
0.04678043928765602
-0.01349665112791608
-0.02543445897140507
-0.09318397977156087
0.1214504167715909
-0.07341498835124136
-0.03393196153932303
0.1417899812690541
0.05862664111331672
0.03866166937372308
0.03542369270628567
-0.1401746114806278
-0.139518862383538
-0.02320649863339464
0.03852490177598174
-0.1442795798999413
0.1087530089202571
0.0200932324465548
-0.03621423950838701
-0.05430375404061934
0.06242217848209759
-0.05832278509704082
0.04026304313341778
-0.1221195100182994
0.1329300957646912
-0.1129263484919394
-0.07744141281346845
0.08740888530719966
0.1008569636073449
-0.06473317839682667
-0.08976728857562043
-0.002362241609544875
0.07177970031296814
0.03479400389180139
0.05446362121206918
0.04320794205634335
0.1113867379659658
-0.1294707169485468
0.03500591754218969
0.02001532305830999
0.05918043573980963
0.02980684815465365
0.06965694938785406
0.04719250493281452
-0.08163374573243022
0.07535738665704904
0.005908664634751527
0.08843117022242958
-0.1108518861328465
0.1016347349774321
0.0008856997203792831
-0.01918927750924504
-0.008091189087373569
0.02877948279055665
-0.03624067884844823
0.0289750750697882
0.1013150577185733
-0.09883029057707393
-0.020184821791132
-0.1133906259771234
-0.03855613799415625
0.127485862789129
0.1083631551213782
0.1462008856882674
0.03192711299801641
0.001596643190134898
0.1076236004506641
0.05247139969087695
-0.1133882429551631
-0.02238628712038937
-0.03838407964797768
-0.04299024010005081
-0.1425588793034712
-0.1186910530484943
-0.1457416778841801
-0.07412020573162671
0.1067610064382335
0.01015743779453008
-0.1357181773699158
0.1458151591668306
-0.03815814219657166
0.01525674005645619
-0.02320973277584393
0.1037460731525199
-0.1060000138872091
0.09055053070132464
-0.01725474906189246
0.1453053920952609
0.1417035591311413
0.1125744695050731
-0.118066233356463
-0.04681622253368926
0.09007677470244589
0.1403683276836732
-0.05053008701221494
-0.0279600451318263
-0.008114311087385718
-0.09299027659999627
-0.1254597499784563
0.02850865044796149
0.03469275371848835
-0.01380664981210458
0.1355314147144387
0.04213028505352912
0.0175035580005042
0.1397624212268264
0.1179610085820719
-0.02574842829797326
-1.99466121946465e-05
0.1322985614826835
-0.02983716758811065
0.1118559940064621
-0.002432102630197871
0.09693641054441288
0.06560618066529549
0.04156297095219302
0.03750148231157036
-0.1016282199347077
0.03690189630220033
0.02925832664882501
-0.1390127741710834
0.06883648303549236
0.1323708223880579
0.1010167629749465
0.05914154200662036
-0.06813501019697314
-0.07687972114596817
-0.09899064386126037
-0.01106045562965245
-0.05234355498053868
0.07955148089828852
-0.1264184582694213
0.08383158018640351
0.06507098718196111
0.06576786664075092
-0.04859782262297345
0.05487627525175916
0.03373992777330873
0.07563808875540599
-0.09510961767733236
0.01606156487223541
-0.1041984162450915
-0.1333163605274535
-0.136372430407765
0.1427415208831356
0.0823056417438922
0.05516737693846065
0.0302295692810442
0.1306894223496465
-0.05798688593091524
-0.09051546762490631
0.1416285781384387
-0.1391066075188606
-0.1080037672353863
0.09276955328746771
0.07003745645211433
-0.02612669447181128
-0.1340984089950761
0.1211318806683339
0.1128196305122057
-0.03643323686459266
0.05070813469488659
0.1364409264050848
-0.1025752083513449
-0.03419240233828175
0.05218489118540943
-0.001203109675791222
-0.1293397098912774
-0.0640816391307861
-0.07559893704727086
-0.074458999175068
0.1019774146128454
-0.02979463601418842
-0.05774003690341933
0.1156083352046235
-0.03704838934127429
0.02075619560913934
0.1432074397923735
-0.1447642011938455
0.1128591781933006
-0.09727487829380388
0.1468679756273075
0.1236944575136902
-0.05535521217073933
0.08960754068235564
0.04381185443638691
0.06854980721874059
0.1055225444988816
0.01494326588507475
0.03138866453542794
-0.08090052566313997
-0.08436491358687002
0.01782412682943611
-0.03350825861416656
0.03143872895087137
-0.08001303872236354
0.1153239149766946
0.05213040375518763
0.005904349772402801
-0.1102648814104179
0.1276669369588903
-0.04210843337880604
0.009971725543792121
-0.08010267633977011
-0.07651968795761767
0.1228871504254988
-0.05551581791173434
0.09423565966707086
0.1160924129327117
-0.05033375416969588
0.05700407962785297
-0.1312066954672867
-0.05345106265855364
0.03076555769859744
-0.03653273305767148
-0.1138708383374781
-0.07545954041798765
-0.1179437273181038
0.141679318699901
0.08945938628629499
0.06342806683466175
-0.08918271774574314
-0.1448841271397766
-0.06878875064535314
0.0272902310496956
0.03653513310499983
0.001213895451461339
-0.007362295270543553
-0.06133490807327029
-0.1428440121011137
0.03235951098215203
-0.08366973517904806
-0.03495438484075353
-0.1076553326239167
-0.01375621436370938
0.03852361061051316
-0.1347492831829124
0.08068483932882764
-0.01727998988315343
0.1313729695149153
-0.1196374385591984
-0.1102302828940832
-0.1498283276364788
-0.02310418342512902
0.0705241573977709
-0.03634622490774141
0.01304408204148027
0.1450677637172769
-0.004296268863734424
0.00472862425874998
0.08454551145475618
-0.09088267601826309
0.06550134926658158
0.08965899015436515
-0.009638156430843751
-0.05721040733570449
-0.02380279079293395
0.1416795833621722
0.08547328887943248
0.0648973376803932
0.1487520019638441
-0.03218795478839484
0.1312205383501505
-0.03619549281769408
0.01011821528441513
-0.03254137354550989
-0.1477022951565865
0.02535403840576916
-0.1018649553016663
-0.01495270178862041
0.006703162596267574
-0.07152428827791381
0.02482296214127091
0.006876519288791674
0.05537618310206023
-0.05466614725768226
0.1205510322966006
-0.08157798279303
-0.05955187387000934
-0.03378096358477212
0.07313763523946129
-0.1250252354608118
0.02533102870639504
-0.01137466624443881
0.1146886309764284
-0.1342555672085111
0.08143293369093058
-0.05909841922320769
-0.1426775314683504
0.01682232243160246
-0.1442670930648557
-0.1439538493656597
0.1345649135378376
0.1369140979391953
-0.0301615177501818
-0.005309853607757039
-0.04565107806218013
-0.02784847408395601
-0.1299716486883537
0.002481566724647176
0.1071937923148639
0.026727817214377
0.08096734560520415
-0.01798605238266686
-0.1164056644308136
-0.0136490987155961
0.07737642010223186
-0.1458844460425445
0.0547685432191934
-0.1321916529587276
-0.02967028733992902
-0.1071841239747809
0.1456858767222919
0.1165391545509614
-0.1425223097028511
-0.1385951962096606
0.04800582883886439
-0.0516794691950237
-0.1313085733605457
-0.08518871472077086
-0.04596387584738688
-0.1252487576548262
-0.1005551382626181
-0.05906046730280005
-0.005408245668064663
0.04409386243553071
0.04529274220894386
0.1167438711978912
0.06413442727564035
-0.1022247232774275
0.0739114844129778
-0.05917535766024745
0.1287624922190892
-0.09405089595434142
-0.02556472434744826
-0.03490756525019061
0.1333077896807774
-0.02142259171272776
-0.1301261003943702
-0.1488630462472647
0.09891637058900393
-0.002240514368732477
-0.106084514765505
0.09458566319902548
-0.03567268545929734
-0.09860882756219744
0.1059966044806934
-0.1376888186901498
-0.0002976232843964319
0.1247154588905647
-0.07287250117451581
0.1037187969248828
0.1494576225707881
-0.02343553581270699
-0.1053172623005103
-0.005943424251266989
-0.1293479943032364
0.0900019225397015
-0.03927555207766501
0.08478254389928026
0.1377841581527682
-0.1153514233181015
-0.1243846757020563
0.1165236001093141
-0.05941571680623074
6.171403525631741e-05
-0.06843923820686437
-0.0760793142928243
0.1286328594259792
-0.04855385337712673
-0.07493337685561031
0.07754305815038967
0.09920912014281683
-0.03099039607274229
0.02212904622030259
-0.08651876899801245
0.02038432536087754
-0.0218529072606773
-0.07420463417363506
-0.1298682592718607
-0.0471680482881365
0.002911045599246634
0.1238494364404102
-0.04773786098448596
0.1294550158400413
-0.1314785264906384
0.09627454434691556
-0.1499182022797097
0.1084724704896653
-0.09297824251423607
0.08484560131776139
0.09623070166710171
-0.05826345431717788
0.1104583410869565
0.06277073557954121
0.03234384565782315
-0.03948452985600111
0.144260690721967
0.1062821218727976
-0.06083496518736738
-0.05426001545143598
-0.1187061582209692
-0.1333696056680391
-0.1050690595124844
0.0002993467535930988
0.0387951197880439
-0.04151847284764376
-0.1292807534698
-0.1330671159814958
0.03426611693826587
-0.1091786031284593
-0.03022333739674816
-0.1128287664104792
-0.1353288462348361
0.07204772489683808
-0.1333431456508498
-0.1168249183119741
0.01828072586527455
-0.1332684618393995
0.1416895553746127
0.07532557229993392
0.1015478547841918
0.08792267417803712
-0.1329794252168689
0.06200852384370359
0.0006416659472403043
0.04930699534971356
-0.1274815387044518
-0.005069920023464083
0.005559724524992099
-0.03838471155349515
0.09066720852044836
0.03686237621034668
-0.02172666186048564
0.1355992957900068
-0.1128264680987673
-0.1329259907219022
-0.0559408278287524
-0.09212234490888471
-0.1159948410704219
0.1282910973685231
-0.05131568414067778
0.003765059436666785
-0.1345105516311036
-0.03664325099963566
-0.07418162223287765
-0.003427448828465627
0.09414402265500325
-0.1011560261079215
-0.01176358772485606
0.01947503213189383
-0.1495826266844123
-0.07384295597014656
0.03652411303776897
0.06243844333834455
0.07678267509292443
-0.06419090622267404
0.08491843101571395
-0.07828689929006571
0.09136010578336909
-0.1034689197483468
-0.1376320613746413
-0.02177082872693041
0.02480487739968642
0.1479687942099855
0.01541531800859947
0.0418839089248439
-0.05798744651588483
0.07329056653102127
0.07590777365764871
-0.07968059914307203
-0.1280111550120324
-0.07032067761170585
-0.06418771150344617
-0.01460447955629897
0.005515905107707625
-0.03207082317654773
0.1319322729961682
-0.05036782227810489
0.01679580745454969
-0.02982005654137286
0.11911526578644
0.01720529324624411
0.04629786104825621
0.005577783597836642
-0.07037240005071303
-0.02690828459731611
0.09140128762573327
-0.1354843374446163
0.04476799351134445
0.03277101779425758
-0.08895519684930406
0.0571080343069038
-0.1390020328654424
0.08584923780231213
0.05509133816462459
0.02640911031865197
-0.02228597166302424
0.1470871239143349
-0.05031435144041271
-0.09640222876847544
-0.08259240432468297
-0.02832951715227251
-0.01673330578233104
0.003213292824646995
0.1070383895279434
0.1387781975263453
0.1211404993385676
0.08894657181905131
-0.06158927511433742
-0.01207317709821501
-0.0909132559471455
-0.09249151827333099
-0.1448926278528184
0.1053741343746947
0.06308943150385332
-0.06528073634118307
-0.07157742244111234
0.004472654403779152
-0.05079645895220591
0.1231557856820583
-0.1127808570436592
0.01022796999031254
0.03026911386647096
-0.1018012358873835
-0.05395167018541735
-0.06466245224837427
0.07463775437902818
0.07378237732528103
-0.06754658449567973
-0.1256942357256764
0.1273810516813921
-0.0001284465864994442
-0.004066154997729928
-0.03937615632005
-0.1469398722676271
-0.04704129200107034
-0.05061803665153727
0.1241968565453293
-0.1080937154219873
0.03780028294323074
-0.03789947516837587
-0.0490068821715854
0.09530431760410141
-0.03278369104254172
-0.09362347940237439
0.008400935580207197
0.05193075554851847
-0.01521759064814898
-0.1371547936177067
-0.1488745130135257
-0.04205413892876645
-0.09993423195872943
0.01135263782727794
0.1382438240385616
-0.05169317510767598
0.1074224333273193
-0.07645729780903412
-0.1271527292433613
0.03113946668779885
0.005991814398228545
-0.1028795306627358
0.008464649384453729
-0.1442055986657803
0.04303373476153101
0.1190645874725355
-0.1411690681832849
0.1459942877670425
-0.08155277234356374
0.1330118620577329
-0.1121023867908911
0.1062363809161818
-0.0548818967504557
-0.01109252796810626
0.05154461685454857
0.0623308346761872
0.04526706171358996
-0.09008355345213437
-0.03574699152461491
-0.1199604788876677
-0.07725216781406387
-0.01203300647789559
-0.02720866201979811
0.1266698565241225
-0.02381376082390882
0.07102857960329842
0.08406712772239525
0.04974841898323627
0.09387950397480101
-0.03480915608013174
-0.09433606630623051
0.1410004511272223
0.1236683116961218
-0.08853677420080648
0.03401882913125794
0.09270088473197369
-0.07969363884777698
0.03001676678365788
-0.1387920687992874
-0.09664792075112723
0.06793295426952871
0.1174357966282989
-0.001537554571547149
-0.09316083110171081
0.01897250280432039
-0.08924949029190002
0.1020740890634854
0.0788758006037841
0.02501484663739174
0.1321386539384125
-0.1483815589765912
0.1403249633350329
-0.02993121923607868
-0.02563935189252546
0.1170126815213954
0.09620765725542946
-0.1045836196084279
0.05118684418631957
-0.004025493588233651
0.1393503257258849
-0.133542757854929
0.05165317558785482
0.130344696286048
0.1401632243486371
0.1131690858364264
0.01444897955965853
0.08288394658915474
-0.1165194345407137
-0.105571556577983
0.09411761683925488
-0.06321216028118247
0.1124028313236391
0.06154039697543891
0.08525647363308793
-0.1307485037156972
-0.06933922678658028
0.146152458060025
0.1213914704390716
-0.1404554240547013
0.02118289978418599
0.1034832740648181
-0.1388355946851092
0.01155930895513697
-0.07642184123453574
-0.01440299541409718
-0.02133390222485548
-0.1301003861241681
0.03113987208711433
-0.1200803706725526
0.01592162879781081
0.02055886484079586
-0.1036557261436269
-0.08238073467476287
0.0009643260844704768
-0.1134518739465295
-0.1191142524197528
-0.1345631420557417
0.119498903581562
-0.08556231082667595
-0.09006421755792476
0.06367354757518032
0.001334328822450455
-0.1276389892850137
-0.02467723682169087
-0.06337187152045853
-0.1083837193277632
0.05585518704016353
-0.06725165481177935
-0.1370265324004026
0.06537229960171036
0.1038928335861826
0.1165439519244968
0.07669028394358146
-0.03441331094406821
-0.1098485965808556
-0.08771622674518775
0.09421798616212584
-0.09000204896481608
0.09336808479642945
0.1240676908846842
0.07599218524610353
-0.03604028066192485
-0.1294697392107524
0.1436418105572759
0.1149024821661076
-0.09295310786900655
-0.125497666765505
0.1303400762303863
-0.1234620736230144
-0.06103762499244453
-0.1097360036042441
0.09019320132016045
0.09030584029649233
-0.08733878110095121
-0.08447462947508462
-0.1230601057600784
-0.04568410996112341
0.1214371797601218
-0.04017949405836229
-0.03259472252188128
0.03704869371136131
-0.08619360665171973
-0.06605553980846304
-0.0362984014594365
0.02935742904669617
-0.02591715145270323
0.02598225763859892
-0.0264013932262951
0.0341492249939947
-0.03059325311436501
-0.05230652597079095
-0.03988982639820009
0.08333933816258528
-0.03179167159476497
-0.04630500881675906
0.0482327561157973
-0.02172339334593842
0.02860088677794091
0.05184683139715305
0.06729939065471296
0.06891930507594615
-0.007791663724273425
0.007561534550650076
0.1316528088954275
0.05776639516075154
0.03453968074907315
-0.06402528086770781
0.02926953625827165
0.1443332327500552
0.053341387832986
-0.083720002620948
-0.09184771682914446
0.1373409547382723
0.03001409123782894
0.08755027133196251
-0.03858997194782567
-0.09396791215771097
-0.08887840938218373
0.1455385452250495
0.02541549425837563
0.008875670734587759
-0.0443681126471231
-0.04124407565407055
0.12708950062802
0.05934325978123441
-0.1429899155893897
0.002447141024162825
-0.1123286856913228
0.03564847799863498
-0.09568613440275731
0.1048688169458325
-0.04547931901764111
0.04640930297391808
-0.03761072593639098
-0.06394205240031688
-0.04583848085267284
0.1469119828126082
0.02207922279858287
0.1334848255330909
0.1412527386606389
-0.07453534074265926
-0.1002455680079805
-0.1005250928494246
-0.08718792067476179
0.0797411816303696
0.1369011139335861
0.02408119131245504
0.135738407066445
-0.1019582381385901
0.01955149507754573
0.01112974197195937
0.05687502078015099
0.1253040247589863
0.1198345061380548
0.03392637849142493
0.03464102681759475
0.1268645540743508
-0.1137445693320471
0.07220320083533396
0.01243780007642548
-0.05951897136411267
0.02705940690380492
0.1169787533258716
0.136819539855782
0.1393862564648461
-0.09691441255755863
-0.05909078600233932
0.1362737708574034
0.07511983389934658
-0.07576565103168455
0.127517589946171
-0.1494665164226173
-0.02610984133361819
-0.1230780143374947
-0.08671228232312586
-0.09640949168414685
-0.1361790707609616
0.08755677272296443
-0.1106367717413387
-0.08818736868659471
-0.04284237840046996
0.05044603351565335
0.1186821042841635
-0.06757258583308841
0.020285958863803
0.002573245154198293
0.1169723248844864
-0.002959831150965327
0.03880984269559542
0.03913364895358554
-0.1405619133010898
0.1292654069474216
-0.08382391371045031
0.1263934689775111
0.116094545421582
-0.09441834518248481
-0.1205882353552471
-0.09302371563542934
-0.1081471499207297
0.1045767971316537
-0.0187666526379353
-0.1306105593449344
0.1050486227926567
0.1051083349144235
-0.1036841554392644
-0.1316560872139927
-0.1413286754344823
-0.08984774654574383
0.1057263258245245
-0.102072498763979
-0.02801124540944075
-0.08725879907443135
0.09826413887270261
-0.05941858120628793
-0.004911627026552678
-0.03150290250572824
0.09313290984210207
-0.03799964641807143
0.1154958463214704
-0.01807241214397613
-0.148879020096616
0.1249405947925317
-0.03877557257709825
-0.08270328688044891
0.1013265207767599
-0.07267796577454386
-0.02714096246485669
0.1307794814670351
-0.01566025922699366
0.01469897292127329
0.08527181562518003
0.0340309370125582
0.04035536199886366
0.07063251946771373
0.08036923541355803
0.05875010790886873
0.07937140345876241
0.1405034348316589
0.01450640951413225
0.1273407437652871
-0.03763947385037227
0.07726746933824197
0.07557981628015244
0.05293284409222795
-0.07766215615510835
-0.1059025493638514
-0.003916721104104455
0.03432934218794616
-0.140376629558946
0.1280366891198904
0.03549252503234595
0.1345880999639439
-0.06076852015592715
0.1027606362096031
0.08590280881999293
0.01652028986930627
-0.07435843683701475
0.06665697863265893
-0.1491544286442898
0.09032905475296341
0.001925690440713542
0.1163527832107647
-0.02560754360521557
-0.1076676515712256
0.03710298486613482
-0.09517480824919965
0.1011328589428959
-0.03359793188047221
-0.1047848177664952
-0.03441297140212077
-0.05623108944183668
0.007663992737682147
-0.1071211667199718
-0.1305226000848242
-0.08930652596235225
-0.0346625639545915
-0.08649881871289797
0.05667312146872265
0.1496288120688601
-0.07675948705747805
0.03474413782426972
0.03517138000921997
-0.09217133914008424
0.1239857811959773
-0.01204072536843894
0.1437705658358928
-0.009460219772926276
0.06360222448484072
0.06043754646658234
-0.008614246808714348
0.003925960403139061
-0.08758788411754695
-0.04224359367128214
0.1283476598681761
-0.04522700838796417
0.1447649906825027
-0.1168311149496309
-0.09411276565460559
-0.03880939605654794
-0.07155602042159234
0.02150349223105492
0.05494936710202335
0.08607756060948735
0.06440993727669216
0.07438390664286958
0.1467171509718585
-0.1202844769627495
0.137992898555561
0.05345002288584921
-0.1205978802347707
-0.08875043862801218
-0.06179097811875942
0.06452567624751261
-0.03098351919813423
-0.08790791297486604
-0.09746363846314648
-0.03715377917575764
0.05272602635182643
0.1161803458895401
-0.1266394738438981
-0.1058752397381834
-0.02987653507638014
-0.06427371482603
0.001852295009239751
-0.05150100882683099
0.04048059980424038
-0.003366296133364514
-0.01838670496307613
0.09635862617989396
0.1078409983692491
0.06005624863481489
-0.03214700093853622
0.01279757461255076
-0.003868944063046597
-0.1177145623154332
-0.06282971432612555
-0.007158551668270849
-0.08799760751680684
-0.07484879986203216
-0.103726290237425
-0.05865246116824364
-0.01368072340742553
-0.01550931961854837
-0.1439964517181692
0.105526131518314
0.04672619149606522
-0.09142306597818713
-0.08166293186849563
-0.05054770652927884
-0.1252826070478421
-0.05829244086857874
-0.006426356134544105
-0.005175220615677032
0.02744429718392795
0.1454149113035001
0.09328393974063169
-0.08205831582430873
-0.007966873505700233
-0.0751197076988077
-0.1356958387207105
-0.05014329526541662
0.1349376890860819
-0.01781403223478023
0.1126065255415779
-0.01894910642389947
0.01448767290396151
0.1238957580193292
0.07648149459594775
-0.02506889385741051
-0.1298190853301962
-0.1321100648335905
0.1113412671464629
0.004657691812348392
-0.1261339197143109
0.06683530495957468
-0.09862995628427425
-0.06756178150481382
0.1352155052018109
0.0008333042073115173
-0.04283344830837278
-0.07308038823082363
0.1444025068628958
0.1019934060855878
0.1043710574488481
0.1398210219618717
0.04526332517460593
-0.1276882040943866
-0.01814409742140329
0.120152057311961
-0.113371646429353
0.08170017101979678
0.1050781487996432
0.01881479318938771
0.04433833326080426
-0.063845507719581
-0.1167006788258311
0.09412443995511044
-0.0899595007708751
0.1097874639720376
-0.08097034421010277
-0.06977166790468227
0.1276558655340791
-0.1196330872562785
0.08487319487452054
-0.1484798716810736
0.0972015458388092
0.1362322559346241
-0.06603806609951877
0.08237919705015062
-0.01290673331236484
0.04113834081360884
-0.140708340946525
-0.01852124560549574
-0.006917194550045989
0.1136551392105637
-0.02871877426981729
-0.1116559523574037
0.1360048663198064
0.1031718293325062
-0.1414539025027533
-0.1273954791272302
0.03482849383074581
0.1136101358582036
0.04141324211634555
-0.07085651424943029
-0.100241036391209
0.0746843514282565
-0.1267732687457565
-0.04022884002450784
0.03442339202188551
-0.05775802571113303
0.03995862025016898
0.01203661510794151
-0.02742339389368067
-0.02519034465415143
0.01352235622765164
-0.0802735700925116
-0.03897196298997229
0.09744826851430277
-0.1479000120579972
0.09807458268329933
-0.01145553073026639
-0.1386066606227945
-0.07046767275660834
0.1316170471058461
0.1250505315496723
0.05080345027575162
-0.1300529041272227
0.1110730549637048
0.003955490477299505
-0.1215611584494466
0.1336535793681369
-0.1112281109870591
0.1420335545013386
0.02506488227795558
-0.03207400491368853
-0.1082126664829704
-0.05029381580455814
-0.008885786366992613
0.001553360842195407
0.1341352949119231
0.08337100027965733
-0.1084693797162283
-0.003836352363033662
-0.09406323529201685
0.01632029938915961
-0.1403197150205708
-0.02435226451828369
0.1273444145626224
0.1071310226048257
-0.02224804377458152
0.07542194484818786
-0.05433692545287293
-0.01085637882763446
-0.145052492079921
-0.07273432642491094
-0.03580606333624691
0.0557733310517091
-0.0527642598882363
-0.07476464140051835
-0.09030651855622335
-0.0243284041912736
-0.09113851011855294
-0.05158858582215451
-0.03230578190250976
0.08384496488507751
0.06628945498511887
0.009488405263664944
-0.1164562824228718
-0.09260776030766425
-0.1389526603203647
-0.1323383860847366
0.1407400880614522
-0.09744063830456184
0.01381701604538253
-0.1033417137475578
0.06887400908786091
0.02349593198884113
0.02229382486913252
0.04619464249397366
-0.01937471447199768
-0.02839203332723041
0.07626993987812894
-0.01083251308189721
-0.02345666191306959
-0.1464689161942485
0.1033511553463376
-0.1177173515348653
-0.04926238141695226
-0.1214399497729025
-0.05804585107587003
0.07639115575619908
-0.06261210905867798
0.04036544424589696
-0.1059180611971572
-0.1287698007213376
-0.04334333653546835
0.05357006916238336
-0.09522137068849534
0.01404709279907885
0.06461596956524301
-0.07756144861690105
0.004780920008223711
0.1171796338780824
0.08625199175936897
0.05142620563427147
0.0360500113918956
-0.04026156568665297
-0.07628141680640146
-0.06774626666406358
0.09034932628697352
-0.07625292788667909
0.05386204803972861
0.016619599608284
0.06291493914473165
-0.1195911525103438
0.02015291162691182
0.01626916582445611
-0.08731228114894792
0.1208900936329662
0.04483008716372743
0.004643656261578887
0.04727838336071473
0.1322308899873917
-0.1049789053087636
0.09137329112592993
-0.1465409347799224
0.001668416171838953
-0.005063032670151619
-0.09176303981387213
-0.1342779383405235
-0.09043844623360831
-0.01932948730598333
0.0204992220769997
-0.1232643026766459
-0.08306748216445461
-0.07806669253060997
0.06278962878819977
0.0266714143912135
-0.004346505715422928
0.1450451328118293
-0.03297881135778036
0.06940643776396753
0.04891017385957264
0.1336448622467862
-0.01766795690580143
0.07932242137897166
0.003800110414910315
0.1486098802999936
0.1420178953024618
-0.0253012450650807
0.04345183223772894
-0.003328009463129132
-0.1280096093568893
0.02568692219014625
0.04169647022151746
0.1133641156044572
0.02915139454169728
-0.10662762526092
-0.04169267411141395
0.08739311742752608
-0.09090251007170237
0.01786352621977662
-0.08193179825443292
0.07959766018141226
0.04459671418859516
-0.01500511971101048
-0.1484730241825749
-0.04260915036788625
-0.1383284282821483
-0.002812040597815203
-0.04755813112699558
-0.02129957361022118
-0.08339969200050519
-0.148649886700193
-0.03765446042703175
0.04892790078109526
0.08066912378892892
0.116147768102987
0.0475430649469876
0.07269685912380243
-0.05914865428400883
-0.05899902824323304
-0.08062713327217311
-0.03715978349750652
0.1166858593310256
0.1110650012438399
-0.07379865246394751
-0.004164252292539696
-0.1455567536491297
0.03451353840833008
-0.06676805515355742
-0.08646561872328888
-0.09762196422915065
0.00130520714407745
0.1431201384578378
0.09697279384814834
0.1362947399384669
0.1446792991093902
-0.09561299301734721
0.1479918161235982
-0.008129705921141726
0.00682926791050703
-0.02330622858056157
0.05846961175340652
0.008181409791082827
0.08904101342196251
-0.0425969804580433
-0.06114276236048484
0.05518936059847385
-0.1450526559241724
-0.1384443472098323
0.1460417383595256
-0.05405248908417685
-0.06907076674625312
-0.04111367726518489
-0.1079776367387832
0.03513114742002063
0.05844396478235486
-0.1035370752354878
-0.08036365098720082
0.1417323430684736
-0.03995318471929956
-0.02795731202074878
-0.006968643383216193
-0.04683268567148926
-0.08094620616249996
-0.02057477311190524
-0.05215007748601948
-0.02657459764572674
-0.02256336935420277
0.08975353377781818
0.1302855574333388
0.1041452905783839
-0.001837421468909542
-0.01163118902180012
0.04301799013422607
0.10557532805057
0.0772504869144891
-0.05176761481748429
0.1105077099326518
0.08881280863784576
-0.05569141915130481
-0.09355868271491541
-0.1302273155872254
0.05327354623343787
-0.03090597593370248
-0.08820637338953469
-0.06159523178087232
-0.1224081791055313
-0.04178605739916526
0.007942768653761461
-0.1306808349032001
0.06821594295455753
0.129989950575787
0.01235534427274813
-0.1286442496841596
-0.1010482613868954
0.1415938148246317
-0.03093237670017097
0.02218278278384582
-0.03102037762420968
-0.0911823923629763
0.002724244287310446
-0.07700448644813072
0.05698071164553691
0.1411254357357319
0.116013235241081
0.01250531193979955
0.06829640488303448
-0.08571353128673029
-0.02704007040795259
0.006820429507057399
0.00859792340024133
0.0294549024243837
0.02657205845982127
-0.08822200277038804
0.1485404017259954
0.08829994378258478
5.77459127600806e-05
-0.1239230195262272
-0.1035938271809403
-0.142059857224821
-0.1046211637757703
0.1146266974677644
0.1378297956475743
0.05769924642095844
0.1358802956005184
-0.11333909749476
0.04930454237636676
-0.04503553934932678
0.05888443744389397
-0.1317229130079752
0.01373164281982949
-0.08870669035004357
-0.05874315750469759
-0.07934374004946841
-0.0978359055978974
-0.09253917576687544
0.08337393574704464
0.1201852280411575
-0.02831639259513613
-0.09371781396835017
-0.02302096249711399
0.1302624420780275
0.08569537310251214
-0.1464557666160739
-0.1080147490592274
0.08399396302122995
0.09177590064603644
0.0420333386679457
0.1100944213625796
0.1382054743645325
0.0499495632467182
-0.1445514424648336
0.1028197455338744
0.03778048187748557
0.06315409880217565
0.08865823093663579
0.07440637789297073
-0.03757354671521079
-0.1063759996728223
-0.01667286901031899
-0.0193024614057281
0.0574108608828962
0.04464601181606265
0.0720219014142975
0.1280464632880963
0.09677941459453442
0.1294634891290776
0.06114157216559568
0.06690002941968179
-0.04890995919342092
0.1171553222932574
-0.1062337669880526
-0.06896989888370082
0.05264906521825581
-0.102734976074877
-0.02699490164301936
-0.0133540794666952
0.1390440519213773
-0.1349609967227761
-0.05328043130408372
0.1272658517914531
0.06500334703925556
-0.04785569710465977
0.08006156144108752
-0.0472312403554604
-0.1347290766804662
0.01874487903592228
-0.1228167842324815
0.06238101499848103
0.01052335298298663
0.1083705335365814
-0.03027762731108709
-0.09489401479536405
0.03030855749307051
-0.05230814455075348
-0.1482064115066886
0.009542343202695439
-0.141227158453196
0.06858732971113142
0.1103755958116355
0.1259332269562529
0.112363580736151
-0.108596872227063
0.02859950340840064
-0.1403594956962528
0.01441160301082252
-0.1347822124169828
0.1486696655073677
0.02944362031200805
-0.0380557722135581
0.1259222821885142
-0.05556512509788285
0.06409670623013247
0.0559737844630055
0.04719186297298936
0.07941866152891539
-0.0752926254213049
0.07436409800014879
-0.09293538152906626
0.1370655747615931
-0.06513584298080112
-0.1345867107342594
-0.04327087705587194
-0.01004782403180324
0.04572826974448762
0.05441427697031694
-0.008274057645706327
-0.09477543319199856
0.06317437622906426
-0.08966879728669817
-0.1344106028950729
0.03909616430037308
-0.1273099235653302
-0.09296897671945245
-0.08230565940267627
-0.117644408523481
0.07142122376975382
-0.06710967189361944
-0.1189981427856191
-0.04916228408146654
0.04483151792605032
-0.1430589116014465
0.04530642530393574
-0.04105211498227712
0.06290078202596756
-0.05751496394654139
-0.1117036385012521
0.1375748204781103
-0.1331317870845823
-0.05464478611270926
0.1246140286894438
-0.04827631361910193
-0.03925396139805792
-0.0686978896189871
0.09166635937385133
-0.1435887205244853
0.1356883178211959
-0.06661485042188897
-0.08835650779943938
0.04884161975750657
-0.006292124271806889
-0.07278488098981971
-0.06208014502201712
0.01641363776278002
-0.01579071326242395
0.005584522317263432
0.04874689490215754
-0.09438764269820141
0.08846981804548172
0.0798289030079197
0.006440316888865211
-0.01670703069162877
0.08672963028044807
-0.09826045107195844
0.09223558122848924
-0.0003713127353882901
-0.005747547102866289
0.1305507041100808
-0.01286144660684575
0.01107389132638699
-0.07415487424513222
-0.03825489370576278
0.1127538218860799
0.03657846059000432
0.04307557795497938
0.05445344296235909
0.04300544742252195
0.02874961270203584
0.1377897313563665
0.1045987977690097
-0.07242906798586415
-0.01846438165001458
-0.1181622831375623
0.01551339191673548
0.1479258070542315
0.01604085470462504
-0.1289366409388006
0.04664742975094961
0.07161295665761515
0.1095844179707619
-0.02354464414772349
-0.07189051922184758
-0.05712855840692818
-0.08689928008607688
-0.02015214162857597
-0.1149225419665474
0.06268103881180163
0.1240522513281109
-0.1343928714329701
-0.1001584858881772
-0.01490676317603615
-0.05853639460654642
0.01159197639821807
-0.05214221611660104
0.1280238335810434
-0.09536739605217683
-0.14774340247293
0.02103221816783474
0.08337124240877042
0.1400768132458408
-0.02434274598616622
-0.139038372011134
-0.02843013888206012
0.02640077200903759
-0.03059536517061974
-0.1265573316240792
0.04748557509268402
-0.1339207690210311
0.09510469312063766
0.007044754544362827
-0.007481171436737014
-0.1267315242814766
0.09986975756045763
0.05560994837281222
0.002985959405917025
0.1349163409063187
-0.03171750405397003
-0.02289353473922057
-0.1494735335980558
0.01816409460472286
0.1121662887004856
-0.05795149421374553
-0.1202651458823736
-0.08986148845453308
-0.07989191672405013
-0.06563467472425868
-0.08763236054885666
0.09111207101615428
-0.13226280487188
-0.09757417782657016
-0.08322462495349388
-0.1213403776801415
0.02397110652919391
0.07420213308340405
0.05506366943232611
0.1433533758518028
0.09782664991789446
-0.04731624229257773
-0.1403898419430666
0.04291477240979631
0.1096439970904404
0.002092809569320727
0.06622144448185056
0.05961649948964232
-0.09227878836606056
-0.08064491745893275
0.04470314971649826
0.02615623183996772
0.0463575386052835
0.0451953099009907
-0.1058832737140125
0.00869609462030662
0.1373051577656727
-0.07600129238552172
0.06875619533186454
-0.09267941572968107
0.008327172649036671
0.1312354852940061
0.1486089277267646
0.02624245137387344
-0.1162941008360003
-0.08456984864414639
0.05500587068723471
0.05773494111457498
0.1396531161305869
-0.03986128652511164
0.05121675350381956
0.08746930877203501
0.06286173449111628
0.06088273793212704
-0.01958272892929975
0.0226663279370261
-0.08692973707891759
-0.1033484965104163
-0.06762971182121019
-0.02907132024676189
-0.03396935285704896
0.1270918608410216
0.1471032577893758
-0.1374584272101714
0.02240653710040722
-0.1085587184156904
0.02132297506547989
0.009798519788640823
-0.03468949543266985
-0.06000332839225087
0.06700076684361925
0.1238583473470617
-0.07868690620828817
0.06573885583299
0.0001905707693785023
-0.04492215622812516
0.1311159031819667
-0.09466663505999329
-0.1370827518664913
0.1209675049304683
0.01555770266218107
0.06418314633124823
0.05839361421412446
-0.07155266363406244
-0.02489321163941793
-0.1111290353173615
0.1011393671712972
0.03814319104144591
-0.06440019648301613
-0.1164634392957608
-0.1409083151985149
0.05162764058257561
-0.1393418139527087
-0.1438203137795062
0.06416793058879547
0.03294834078775195
-0.1024763928832779
-0.06464815238657266
-0.1071966381552125
0.01306859553903476
0.02561220102068989
0.1101026082787405
-0.01291321137801017
0.09708253771531605
0.02607160575355355
0.137577637794388
-0.09757394622945842
0.007409505660918759
-0.1070772271760298
-0.08460671372410745
-0.02157158104958872
0.05847886721540922
0.1296127063070295
-0.1130891855509672
0.1368974874767456
-0.04532000983717986
-0.07418480161004802
0.08804102261123821
0.1428834055666776
0.01142852664586954
0.121621657510145
-0.1479709788023763
0.1323028021791629
-0.1416969843763126
0.1272378499530278
0.01537408528233297
-0.09403124034618675
-0.0872460644376062
0.05825622348089533
0.06918742652041546
0.0884877015365924
0.01840937441078314
-0.0935618121834472
0.03569002326746459
-0.1055044902253124
-0.1059832858086086
0.0880848409370191
0.05190432926673341
-0.06306022544127182
-0.1465150665339565
-0.1196573569262417
0.1454254860803189
0.1331239233482434
-0.08273714696264556
0.1323731114008083
-0.06212785874031258
-0.006887878024413673
0.07048129473503791
-0.06919514145316494
-0.1454184234798087
0.04212007351802
-0.06715005051926068
-0.0823341607558046
0.02442616225162774
-0.05884557938389341
-0.105062374104795
-0.110186153738656
-0.002844904821368593
-0.04228753281609433
0.09805816799945138
-0.08367204074865223
-0.1038025309746534
-0.03351180541125615
-0.02723345813740513
0.08190216497391314
0.01100649762305799
0.01683167688346794
0.0200140084115416
-0.08710831573231244
0.1037321390559215
0.02352845594616824
-0.05676608225700756
0.09914587614238564
0.006672596463924369
0.01047378193660123
0.08151878949228368
0.09454458255397855
-0.146387943337987
0.002044159136134955
-0.1246567345009185
-0.1418155655726925
-0.1058321758483726
-0.04178843187330861
-0.07415452206431812
0.06858864036071734
0.04938729314825769
-0.0292151648415345
0.1084181403277988
-0.1034730044867775
0.07848294226697873
0.0564867819476574
-0.0371384609655809
0.1246829301141541
-0.1270396035658571
0.08564138047624044
0.05657364468007182
0.03393690230489792
-0.04755130179130972
-0.07341619512462885
0.09682491863702251
-0.09379159650127082
0.1001161961280684
-0.109940723020136
-0.1446153385852534
-0.04323157838351719
0.05055509783607244
0.08697189280473727
-0.09865697023762603
0.0541316615970763
-0.06098926785326279
-0.07333656809965219
0.06231656402352961
-0.01681923255171624
0.03488814778881172
0.1382036599690884
-0.09822543254648095
-0.06573554313983777
-0.04101260477251489
-0.1398221892009692
-0.01921596582232495
-0.1125133825845428
0.06664748544141161
0.09364987815320655
-0.1378344248085669
0.08960715887437021
0.02928783200519921
0.06872524082726525
-0.0264613132940675
0.1317298108255289
0.1453160677025679
-0.07962560833810993
-0.1120718722640175
0.09541370131532864
-0.03956067961203018
-0.1066622373703559
-0.09779282313296184
-0.1390092003639897
0.130286483807046
-0.04648217444309147
0.06516063618251704
-0.08068801386407211
0.03022142388863041
-0.0224835496628544
0.05248365793295434
-0.08489372278433206
-0.03428121627297221
0.1042485405996775
-0.0006371803255826268
0.07471537852027177
0.1144266843632708
0.1301573050007257
0.1121882976944887
0.03109128906723489
0.07381695606404863
0.1243476549741337
-0.0293168819763158
-0.04692251057365974
