-0.04139016405388829
-0.007512275709602067
0.1246484247446134
-0.005577502661684864
0.119637436910695
-0.08100423383851897
0.0746050525022975
-0.04425437953877848
0.01643259886448623
-0.1261087209572303
-0.1464764245717961
0.1099596863080708
-0.1003696797299636
0.06683448172586688
-0.02653480679019962
0.113683828824091
0.01372049669490956
-0.08529288156614995
-0.06736520873045429
0.04500452664010284
0.1319952765207384
0.09588614134386944
-0.08509494069288479
-0.04433480277608533
0.1427314748104246
-0.01805086005076091
-0.1014163110054764
0.1157457557449138
0.06519260124776359
-0.004377961121855433
-0.07586661934288151
-0.09239124030872896
-0.0298887660582016
0.06814224012156077
-0.1229716274320448
0.038789765406414
-0.007714601538914567
-0.01765486710130838
-0.09526847594258242
0.01588353636793303
-0.01444067612227318
-0.1355871625842205
0.06500573561105742
-0.09799195891519233
-0.01253260899543684
0.02845896721615694
0.06532105924315122
0.05190329764700975
0.1104949418416894
-0.0400499711855952
0.0554147440922404
0.02417754321826554
0.1386385210511021
0.04771140078134783
0.04661229375674669
-0.02970453461586912
0.09644473504028973
0.01259818091986463
-0.1144630015330024
-0.05784804484893966
0.08609933120065338
-0.05653871036394298
0.0623429466338058
0.004736727389987535
-0.02959469153119235
-0.04907570307670563
0.1471001749455946
0.1029696641064106
0.006106901304253852
0.01361411497441689
-0.06175618126027641
0.02028200515036892
-0.07192928922671644
-0.009478478794925057
-0.1418319515058593
-0.09481436058722649
0.05860277777957211
0.06581518521659151
0.01503234310086421
-0.05726371160469769
-0.02722623157870948
-0.1105230944297916
-0.06865377605102406
-0.1292979392554967
0.08633155396507934
0.05304332700274574
0.118035804002135
-0.05054703376498334
0.08845133516273732
-0.09006751655642133
-0.1134124381826634
-0.1175663154427026
0.122609886345171
0.04145259239023691
0.002393439675604471
-0.07617857445786803
0.03882476661296488
-0.04424721916490795
0.08026801155470806
-0.09800406733197736
-0.04822159365133473
-0.01840381226033977
-0.1140108830496473
-0.0412658331493409
-0.06289950065969177
-0.05801866225662303
-0.1302793013197302
-0.1443257665632548
0.1068328395840465
-0.03795370736923272
-0.02084706691930851
0.1487870803109274
0.04589449314942053
-0.0002765631698047093
0.08455729582835662
-0.05055664681348002
-0.03036868930818571
-0.1134864585695053
-0.1119081560668499
0.0288669892102964
-0.0765451457049264
-0.07809959190481347
0.004131227108735164
0.1154090706204771
0.07429131056095782
0.004481981951082399
-0.1190909839893786
0.008491478802899572
0.05768485701983452
0.07636932980713607
0.110097733161015
-0.1111666465612626
0.1119067622098338
-0.08010155226314114
-0.02301259808988088
-0.09642443549834913
-0.06093081487372617
-0.01789550128511672
-0.1383317804677944
0.05249600776971039
0.1109481058198624
-0.1403090855125431
-0.05250272522579538
-0.03850304755493999
0.09556848120054072
0.04661544074479829
0.08040937481700736
0.1306141193779542
0.08490557436013767
-0.03968276274159394
-0.1436509257884847
0.1139663104810657
-0.1303638513482738
0.08091842551656428
0.04184814399485455
0.0244568155025106
0.1127382167248543
-0.09869673817092252
-0.0677378087565165
0.03901305418951623
-0.1383827225493083
-0.02835234934621292
0.001614429067317117
-0.06849838632462131
0.0984854455085822
0.05545556172412553
0.02105191733035867
-0.06886782734552248
0.06715381656069928
-0.07681483800777222
-0.1076294903977496
0.07713907211912507
0.02127198764427924
0.003931271747189025
0.02219407292036639
-0.06531374019731186
0.0035192342588965
-0.1466846396499039
0.04521766328700772
0.05751972924521746
-0.1405128879148561
0.009043704269797706
0.07706689470547144
0.09070805664376073
-0.09909161795154894
-0.04860150308990465
0.05328080379822479
-0.04782573010358914
0.03391880874923873
-0.05757020611984036
-0.03634456902477545
-0.1446809953984045
0.09400878417673432
0.04543197332664346
0.1040840494230721
-0.0005906173980452632
-0.0836330160940867
-0.1148016346207368
-0.08325044635909346
-0.01030369265739531
0.1437423746101398
-0.1390903228007412
0.08154720168767583
0.01614929672909451
-0.07093219480181055
-0.1336263958707638
-0.1303558870358223
-0.06773300368684944
0.06150042805569222
0.07724005578677605
-0.0579968786894069
-0.07933916032767903
0.00427658403747553
-0.1174750003387835
-0.02850467310041828
0.1058230670144377
0.08579534983307775
0.07358426024391032
-0.01045747720123243
-0.121761294051232
-0.1125922278253855
-0.005051004701409842
0.1221420735282377
0.08276722111861276
-0.05105421804381664
0.1497576311452126
-0.01530873891707882
0.03890935964298317
-0.01125961594715047
0.0612557164640283
0.03268129308551503
0.000447365995445049
-0.006403721716821178
-0.1015706302722724
0.0789414413758934
0.01036323415592666
-0.08112997255113127
-0.138328250549554
-0.07872949352694396
0.1455024904202583
-0.0459679991902345
-0.007376747448975514
0.0004517268001623401
-0.01392365330692447
0.1138283660577489
-0.04354406911419693
-0.07725875275486645
0.03791799989692317
0.09616820297234345
-0.04924904869766936
