0.07598799298792008
0.09369761294855743
0.05941606135786155
-0.02072911811506577
0.07097782227682592
-0.1047158930148728
0.01468186199304482
-0.07678971103446318
-0.06978242772554155
0.1174676217119814
-0.06678156273974445
0.08696121805830527
-0.1391706317029227
-0.0313792260256185
-0.07480691749071811
-0.07138270944216961
-0.03262455041469056
-0.07022236714996641
-0.1038776807328514
-0.03983992221018385
0.00033077967863019
0.0822849664271062
0.06841063106235754
0.0410253882086164
-0.09824327899605066
