-0.04473791967811883
-0.1202933741458472
0.09608043760666307
-0.1092152923638507
0.09887202483757254
-0.0798417768296321
0.1300615696767905
0.01636178564285109
-0.09891945034729645
0.01524257108459089
-0.01266388459440465
0.099880417620136
0.0878524082699637
0.06683387905836369
-0.0737995588165883
-0.02535875741166993
-0.1038343215032368
0.1445173464170364
0.02229130321741371
0.06890752936366601
0.01984880515611402
-0.1058721436129144
0.03100083758601022
-0.05721079641820204
-0.008532279134318484
