-0.1328771065533127
-0.07837412853181022
-0.09778597541265092
-0.07378804423557453
0.0541990154417101
-0.001507318842190713
-0.1179321335417526
-0.0008106101699673357
0.1482310575285017
-0.0560820069828896
-0.006955232926998701
0.1109534610599165
-0.1293870953449621
-0.1118109072539328
-0.06604917860910026
-0.001366129560539598
-0.1474668057404263
-0.08979088950906176
0.1359506779213495
-0.08334364862853579
0.08627796767082334
0.1419800323430666
-0.06932945251249426
0.1025318021017681
-0.1130927126125082
0.09718629769513222
0.02604556675511584
-0.1005862184771267
-0.02749018749685486
-0.09043774096483129
-0.08363048201683457
0.04406358998061945
-0.03846077926040881
-0.007324133229163363
-0.05177134580148126
0.1103841800594758
0.02510025821545513
0.09743179382054891
0.1086510092372447
0.1188224891082588
-0.05952487435481228
0.06948308213673014
0.1392602801944792
-0.0212682930391827
-0.1467707505974372
-0.01190245092435452
-0.0186376765907048
-0.08649358167040694
-0.02596615872028387
0.04779165939724911
-0.03403252697194742
0.1285418786011071
0.1022126324745238
0.002766501375406249
0.104165977348754
0.04968304764276237
-0.12106981407813
-0.1461439173005974
-0.1277972460485688
-0.06150073063935098
-0.07951407713036596
0.06637274631337955
0.05030402325315683
0.0633620027349443
-0.1352850696827884
0.01063572166809463
-0.06169088498549666
0.1122261746445151
-0.030784434978533
-0.09288494677123449
-0.09716630698013168
-0.111237951560931
-0.1034341200284248
0.03159569396112079
-0.1078343645324065
-0.1369241265813022
-0.04414310766551139
-0.1411346102262589
0.06102463042676715
-0.0439903271671283
-0.02464086293981957
0.04001876197253788
-0.09154777772857021
0.1283249623658736
-0.005342090435864308
0.1080468798214216
-0.1428937595800726
-0.00203289144377113
0.1301184480735195
-0.05437210862374336
0.06867647866413912
0.04673861984039156
0.1458418554260524
-0.01815511650601512
0.06128526965245763
0.006471007455809428
0.07023724551011708
0.02331235310147324
0.1255259037907324
0.1273082796206318
-0.1353912566601883
-0.1259676142256245
-0.04201083343848865
-0.0932205934638947
0.05869791486691292
-0.02892631710954765
0.01263354855885445
0.06772348105511201
-0.1179358575135291
0.1184063372579236
-0.1070080837363455
0.07197467514977449
-0.1233041473508371
-0.1289291934256756
-0.08387327657048074
0.134930842492142
-0.1216420561400986
0.06437685881849292
0.1149624236163019
-0.0262585479894353
-0.01696215939552298
0.01167291085778983
-0.03026193584071217
0.1147377554731504
-0.07730983406189554
0.03473358893672209
0.09600022156915361
0.1016137575823386
0.01226476988246643
0.02245044041176659
0.11654628022917
0.03653669693680606
0.1307694299315242
-0.1267378020787757
-0.05485016812080636
-0.04812231169010273
0.03590596205362921
-0.1368405576624578
-0.01600326519790058
0.004359120284889691
-0.09397868421567489
-0.09429083744476766
0.03102886662201788
-0.07300706365016661
-0.02807109103657378
0.01567101609474392
-0.04492749484933403
-0.1137617973984039
-0.01926910860164021
0.07910271043418196
0.1423397614587811
-0.1011601602424553
-0.01598161111037374
-0.08490591026817224
-0.1250387526850184
-0.1307942147464545
-0.1384490504369172
0.1270843936454852
0.0317108000079649
0.03428829797305586
0.09349689153502894
-0.08198780186846305
0.01502807544260316
0.1168577595627496
0.01341423723556341
0.1170045317377213
0.002776382219309685
0.02658738406806013
-0.04911881225693101
-0.1427333554146548
0.0827692847105817
0.006709829965960123
0.03824606729415253
-0.1402399809790351
0.1287127812186433
-0.03495026018306649
-0.134891517151735
0.03483803739279174
-0.1059163885425098
0.03423816923526792
0.02708625490158912
-0.05718407271081345
-0.1317774981392411
0.09218263831090588
-0.03226002563814515
-0.1126985894890426
0.1036856930473149
-0.05527446282077224
0.06895587338670148
-0.01206685070378149
-0.1117253294118252
0.1371394305411454
-0.147019049125585
-0.1448115982551161
0.0006096324101610576
0.1199145218772307
0.008053727328071686
-0.1227656323134824
-0.07924387693571947
0.0152179577626167
0.07735758568923495
-0.09657085131229423
0.1195206293343176
0.05628740220675327
-0.04251621156610983
-0.065097039936761
0.07153607866553906
0.142603072102093
-0.02094969843760429
-0.04413573169430313
0.01969098026034261
0.07172562018263295
-0.02602234830553906
-0.03819060042496795
-0.1104752243199176
0.01097319367104284
-0.08496191375304107
-0.01617129168349387
-0.07008970945457153
0.05329300155578525
0.02233365118867654
-0.08294835537268548
0.05613447970026996
0.02743554308897906
0.06765578907842802
-0.114509966494488
0.09502949164633662
0.09691278482075089
0.05069549622707593
0.05502864102257814
0.0242661117997705
0.1041457383534082
0.02445728759152084
-0.06935872036626094
-0.0881622799495189
0.1091928216771695
-0.1480538435725496
-0.09583209177243689
-0.06193453768293661
-0.04238952505016928
0.07374409957798794
-0.1403211114400895
0.0813547802508307
-0.1145604744144412
-0.101006134157878
-0.05748400768155606
-0.04920304738122724
0.03299123037471782
0.02257195239210437
-0.1459530685645351
0.08975559928772571
0.06047596768141838
0.08315873180676206
0.007793566411205116
-0.06344368817019039
0.1183489612237527
-0.04743495299147562
-0.1164989326446023
0.01923080691930177
-0.1425356350644856
0.0576515306977606
-0.02676480049099321
0.03209026416092403
0.1384990939084685
0.03523875897074519
-0.008796213091850212
0.1402450041777702
0.08962219954800242
0.07953671903392465
-0.0518856783483668
0.012984779282506
0.08875129758601795
-0.120634464418661
0.04853478691874442
0.1379477508969637
0.1495109272580926
0.02102373539422329
0.1445566615686533
-0.1465271440485245
0.07650811171505659
0.08456662628612081
0.06396032631206543
0.009398738878945646
-0.05812661962182621
-0.1496485290400767
-0.02240670887314682
0.04427451485302632
-0.1165652764238746
0.1465365246967526
0.05176662057235724
0.091339156704453
-0.03004124528526307
-0.06627726452264511
0.07950556328351358
-0.1448261052454778
0.0751658550447885
0.06995963442869166
0.09445299367079861
0.004235518130480618
-0.1321118139555162
