0.07265501120267251
-0.02285862681452898
-0.03681430767075402
-0.1298620791080341
0.04889981887838561
-0.01815787765895275
-0.02106720886287082
0.1277260199738837
0.07766314636928022
-0.1097624730034817
0.08781353769426442
0.09481230587828021
0.01710978206303174
0.05592576028667735
-0.09707918233462101
-0.1217618967453415
-0.07658174412270773
-0.06389594511173134
0.1379986082723614
0.006737518045542288
0.04943695817017669
-0.07928873247110005
-0.1406266709316679
0.0933622218618875
0.1332578552354469
0.02573132783046298
-0.02345075233587712
-0.03110187918915365
-0.1389071609722977
0.01658582675610955
-0.03031694059343436
0.08375053929049485
0.1437300498905102
0.08287171809157215
0.1038852800668534
0.04262731497855542
-0.08528665937433744
-0.06717656290914517
0.02035420913684679
0.1423759330154025
-0.0269386910614333
-0.04183516539475725
0.08719234886525758
0.1401688739700087
-0.1359078119051299
0.1401100354418942
-0.1315931305307266
-0.06248956034135652
-0.07378512560320684
-0.1435955372257608
0.09424616073687704
0.1256488655352779
-0.0728863985293848
0.1036169919433615
0.06901112638971693
-0.0896309044717602
-0.02064547721496869
-0.1044351863383385
0.02927095664557873
-0.009553922905583431
0.06214583965258063
0.1489502426164642
-0.0758078842846281
0.05587793193903995
0.08181935621292123
-0.1219199735905129
-0.0514953902294682
0.1465410361303207
-0.03909469038909875
0.1188604509112275
0.1389114255656554
0.08396348112386173
-0.07298036229666797
0.0761032667094453
0.07413053029190982
-0.05888208774388576
0.06622256761609358
0.09254726124978818
0.02863160227326477
0.1424346656161165
0.09894361934298081
-0.02712775768290418
0.1180825541524455
-0.1239342324359627
-0.073507575689215
0.03709094909419811
-0.06356485133649445
0.05585587159335324
0.08265417547089406
0.1156987944780847
-0.1037130205863279
-0.005204190431776016
0.1146455064009626
-0.02952098420335586
-0.09933093178232046
0.04646231357731388
-0.001444018125171543
-0.0008279518712990157
0.04300000731176178
0.1094601160889025
-0.03197247552284706
0.03191507510082641
0.04342753739517202
0.04504209486023439
-0.04198834617356987
-0.03245183493202343
0.1361580524253288
-0.1257771080257351
-0.08991172946407283
0.01478123769739467
-0.1333487218685399
-0.1409654086302324
0.1376616125745588
0.1347448343107547
-0.1149006106470514
-0.08586421230941844
0.02180638758366763
-0.02848256725965976
0.1199983567424694
-0.04554237792891432
-0.06279676661828312
-0.1337330020002317
0.09925678657518976
-0.09814448685692899
-0.01325423728946611
0.1499211386413135
0.09829605689074256
0.1353016093271052
-0.0009216532298244294
-0.00869632049810292
0.09475705060707273
0.1171092244766331
-0.1267839624369353
-0.01183744417962443
0.01215516876592438
-0.01877859098602425
0.1057217162998743
-0.001690439368750295
0.005433110173280762
-0.1341984302666885
-0.1369087992452246
0.02208867615863991
-0.1251716712909159
-0.1492675965195801
0.00680608907249628
-0.0900872590367645
-0.08512801185537577
-0.1214027942680794
0.03141648054751228
-0.1151498891043982
-0.01694964716850163
0.1186040451116998
-0.09889660634011065
-0.06770965192344823
-0.1295506064547062
0.03784082034667742
-0.0677949060218148
0.1187553748654727
0.02312365610679667
0.08128076094676015
-0.03994896751686014
-0.03213350467495014
0.04838316366184946
-0.01675299460095348
0.1060300995651401
-0.08947035567395732
0.1144721398216567
0.06173696768039581
0.05882502004153044
-0.03010708207887148
0.07753703686295868
0.07190804806308704
0.1419631285193298
0.1023554148658818
0.07264178934689185
-0.001259204775009265
-0.1377541101530974
0.1374832057751589
0.02733283776469306
0.04365401641546452
-0.1276803094443508
-0.1396201262502036
0.01226097041723863
-0.07658717343030771
-0.05734166863472032
0.0327037376586026
0.1112415892360244
0.02485102868227128
0.001446781696795999
-0.01564135656955845
-0.04388002261100548
0.1114884774111259
0.1022226665216711
-0.1455083945928326
-0.05526927113774394
0.05824459390225985
-0.08499177817810641
-0.09081953842620423
-0.0300243466054561
0.1238272256410844
0.02905937313037362
-0.1024992911081203
0.04572584228945967
0.02101061617969054
0.1498436404775763
-0.03165300775491466
-0.1302493263880031
-0.1379087849519506
-0.04416923141720353
0.04708449794965481
0.0557491894614397
-0.0218480958741297
0.05746122237978587
-0.08199165124555528
0.05156302248761525
-0.1498818830979905
0.1007105339202638
0.01280191123244098
0.02496679255483504
-0.04784396942923443
0.147166218227238
0.1310924151213948
-0.08635261258576146
0.09938620349545528
0.1355810285433619
0.008370590868862052
0.007625282989098698
-0.09941433910540885
0.06754685046178351
0.1276024844942271
-0.1255876184449671
-0.05338942108552603
-0.124895841880784
0.07014646247747325
0.1176277116667786
-0.1250534208066879
-0.1115154023709535
0.1373761847833281
-0.1129526854952181
-0.005675098767883931
0.0344593862820356
0.09278413405066727
0.1224691803734267
-0.05807504331035069
-0.1392069342458059
0.02402691642461324
-0.05796225151402665
0.1114991802530824
-0.1131705845028938
0.1170042005299164
-0.08634761643974732
-0.1160096163556959
0.09809119331530278
-0.02270442214149631
0.1333719802877054
0.08366897009939804
0.1356673005039504
-0.009002389581808094
0.134255718163954
0.05321681233070207
-0.03140080415947689
-0.1413316247151595
0.149828977941169
-0.006298890015445869
0.07880560396548861
0.1174503054630976
0.01864829052540156
0.1172908984947792
0.1048234926570563
0.05568612976245114
-0.03839315647277479
-0.01071766225344688
-0.001529051761468444
-0.0659267361162765
0.08120096708622879
0.009258451510690461
0.1080987854400445
-0.1267625575776969
-0.02924453113239904
0.1449277254283914
0.1402420111061392
0.03440795462301795
-0.1210822341139117
0.08833367408948935
-0.1382964548049263
-0.1377104255235184
0.02200345261885412
0.147369872935487
0.003286471513924966
0.006258453105398599
0.05058715978475355
0.121885394426262
0.0149265684024089
0.05041500036624028
-0.03441370299451593
-0.0562676804789543
0.01786448732664431
0.134234514030723
-0.08897692786482019
-0.02731239734092373
0.0226285835623208
0.1119687115920263
-0.1116110309385348
0.1066985254209573
0.0431680227970106
0.04764862275236486
0.0648005480767735
0.06640704922483083
-0.1315939549223797
0.05972727592314114
0.05664956000248969
0.05281000617113709
0.08864457640692229
-0.005014720599456714
0.06451854792921313
0.1009387533411339
-0.1330117269384329
0.06188550351269199
-0.04577382940843393
0.02324849211737539
-0.03752236275775118
-0.07389659187340188
-0.1118281321330289
-0.137109557781768
0.04169220434563401
-0.01809485567956787
0.03075489749163809
0.02592571766336502
0.04292718510279618
-0.1465611033371408
-0.08415152995384877
-0.08443875498520674
0.1154093887669182
-0.04576076225864621
-0.1277401748463317
0.008579331027976712
-0.1481094838235793
0.08706075713806199
-0.07501427133990027
-0.1297020034896133
-0.003212240766174068
0.1316385486128711
0.07310545548523674
-0.0645648020105439
-0.02337403566094638
-0.01237435840573058
-0.1136303821831441
-0.006392077123968285
-0.1004908042273688
-0.0094087166677638
-0.1331485833474651
0.01198290651271482
0.06669731300065031
-0.09497843560935626
0.024860001942483
-0.04160608166002863
0.03693082366017517
-0.0943726562540628
0.1343211842413996
-0.0701421702936786
-0.09092919137380398
-0.09982406930820815
-0.004593343721188376
-0.1255273364811551
0.004404376137439145
0.01766943696697172
0.03305737906138165
0.006304496162240671
-0.04527207075183914
0.1080450197091299
0.02658773874888936
0.1015170663153063
0.08968311008843284
-0.05029960794368623
-0.1130452135654583
-0.08370258095444005
0.08732019398922473
-0.07668274137749259
0.05990250768965362
0.1368356205934981
0.06391806492682439
0.07676255906653189
-0.00118112471119828
-0.01938696605020553
0.1317808343468055
-0.126316392308678
0.08901277407512299
0.0187137899009608
-0.07068677022640309
0.07332876731603923
0.09856632147257327
-0.01161224794738634
0.1235008933030112
-0.05603161636396058
0.01285105130094954
-0.02210450334044655
0.1116347140467379
-0.1040970724813607
0.1341879977296952
-0.08364302864272158
-0.1460396471812301
0.01081079664934303
-0.1320931069166932
0.0936415108772313
0.110495204623513
-0.09515349675602934
-0.1400588052288878
0.04781615308625455
-0.02186159232159653
0.0698210721833737
0.03465498181884684
-0.1079124569312518
-0.003358081666753972
-0.1165343297316222
0.0226895228260653
-0.02160007409275193
-0.09283275206681031
-0.03827911006143762
0.1471051353605911
-0.01353172102263983
-0.1149803358013245
0.0956813373784154
0.1248807162403912
-0.1414775094691589
-0.1103528703957844
-0.01229367540708982
-0.01359491431920013
-0.1487248116067857
0.03361659884489503
-0.02937152479726184
-0.08233503611094355
0.03756739664552669
0.131413212252125
-0.06443340765001765
-0.01876380941384006
0.09193096430736836
-0.009605062201068658
-0.008839036197786778
-0.01024291977591414
0.1185781162004146
-0.08896519714606636
-0.1256058438479656
-0.1393521480031834
0.05765248613562218
-0.09213495767864664
0.03335815328701396
-0.1139636470307816
-0.03497662895916148
0.1450550509320056
-0.1168605078010882
0.1014996129934026
-0.1199362906199586
0.1288187246575004
0.07636483648693156
-0.1113981082557905
-0.1315280995484381
-0.08592817947352767
0.02502777294841615
-0.1302058293959867
0.0977210503488378
0.1456878210899475
-0.06254952062768754
-0.01469372883571279
0.1271107724853331
0.02303004564640587
0.1165454766071222
0.06903093166169129
-0.1365629449332108
-0.04226923500107354
-0.09120996192795423
0.1320316139779384
0.01874516261642523
-0.06680797521187332
0.1426838893318672
-0.07360575309680273
-0.008919395640901974
0.02606505786713073
-0.03753813403578177
0.1061130336574957
0.02112418604942823
-0.004370611048513135
0.05763385757468627
0.05121960735305932
-0.02552679749486649
-0.01598998615421838
0.08984304885954328
-0.007032361648708265
0.04809707999541166
-0.03511222886748738
0.01276398798359855
-0.004177573683907809
-0.03943017664060394
0.1002354994891061
0.1311383614387521
-0.06231261379211529
-0.02671988322385487
0.09769164340639783
-0.1432624744437884
-0.01326128184916888
-0.09457836245601006
-0.08445983872903325
-0.03121404051177128
0.07419133887827892
-0.001253547373642257
-0.0385092533649273
-0.149402724574112
0.1398193899716135
0.1375452103312897
-0.03694228846248922
0.09593517875614957
0.008683210348904713
0.108694144502863
0.003578273273680594
-0.09010170043011143
-0.06683696361492136
0.1375937823638613
0.1497328863695279
0.07612243088301889
0.03568263844081531
-0.03538037746680663
-0.06111781180776544
-0.1184963499591111
0.07518436272284701
-0.1108792473726045
-0.1373524160426334
-0.1371246362111308
0.01240057643302373
0.1103341049696438
-0.1303950924373515
0.1491282538966319
-0.1342380364151688
-0.06485325431696347
-0.03207674696570476
0.08994449061195568
0.08388964086437735
0.07940204006798322
0.09054901622229558
0.07372221506974397
0.06695704876788065
-0.09639538145877952
0.01965285256092418
-0.07436602873105144
-0.1376852897559567
-0.1267641584099835
-0.0144748883617842
-0.05454300155902297
-0.1391784365981765
-0.01473548180477667
-0.1284200949459131
0.0464912425881078
0.09987806198096875
-0.03953559878689279
0.07799999516819651
0.02506529530161083
-0.0004158648116297978
0.09064597255192623
0.03793807278776219
-0.138018099516052
0.05098764060451724
0.05754981890123365
-0.1388771369551292
0.0667398880571764
0.1426902497434737
-0.02096183374946005
0.006687653076361505
0.07658157016457108
-0.09155715000957247
-0.05277023531966468
0.0002913448568713982
0.1253970608340175
0.0008437481756836992
-0.1300570802270312
-0.09897375909890102
0.01314025146016903
-0.1068253503916534
0.03655384454807684
0.1085997434921845
-0.09600966857594982
-0.1281853906776697
0.1301791193274127
0.1004876369586587
0.1216911524132795
-0.05935710291187683
0.02848998831846914
-0.003245750022235217
0.09022686386661308
-0.03086347826938223
-0.1153094255398405
0.1022110768086749
-0.1298793223332366
0.09223678840924468
0.113332316189575
0.08686207339873017
0.0849291862006102
-0.05762796642694623
-0.05645182934180975
0.01150914824201607
0.0008142021026659144
0.04077968458663719
-0.1381996987219864
-0.1083783132248477
-0.1182549218367225
0.02723564777141642
0.05476256530141642
-0.07508016424386815
-0.08620927954174891
0.0133613492576306
-0.02109012439013098
-0.06439437740837921
-0.006458468060331099
-0.07060013765912591
-0.09270615441666924
0.08418624566139936
0.1078886655164658
0.05404593139694669
0.02441165919524482
-0.07297635096666148
0.08874283540406774
-0.02337663106474558
-0.05285525521069591
0.03097404919317521
-0.06004631908394908
-0.1159890679052426
-0.03409533056296326
0.0323271502501182
-0.02244453244319835
0.1274154238257274
-0.1168590165377078
-0.1316651495399192
0.1392146024061589
0.009350191637274118
-0.0900424756440991
-0.1290415340616537
-0.1134150194754683
0.1147151812116793
-0.05412049452851877
-0.04962542019937961
-0.0219202557059192
0.07479233178156879
0.03597518201790389
0.1216203751047501
-0.1458125342541605
0.09327124072884828
0.05580613448912087
0.1120724160511342
-0.00267825047917842
-0.06978322238338967
-0.1109023977932864
-0.06394142746359041
0.05683688460986941
-0.01375345943088952
0.1170386991693007
0.146796891609355
0.0202519417390135
-0.06705862702928517
0.02912033435933406
0.1478079327241675
-0.08963846871058603
0.06226332660234442
-0.1338556516082987
-0.1004290024106626
-0.07838830108714688
-0.07390556459829799
-0.07946762562539103
-0.04180973898376845
-0.1091869258242963
0.01640970414756002
0.05857165085261349
0.01889465131654336
-0.05879891942768695
-0.05545233881485587
-0.009485712948041892
-0.05461281113353571
-0.1121795111468353
-0.1036766039344356
-0.09253969223168811
0.03514869259289705
-0.02345852855985785
-0.05343882284523314
0.1212013587370047
-0.1166253578756582
0.08280323551913071
0.0882390707521352
-0.1198288578787322
-0.04694291529948194
-0.1288200568894125
0.0592903742044186
-0.04914284046108935
-0.06846275199028985
-0.02844820381228396
-0.03300183309748449
-0.01889612215736616
0.0431562384455275
0.04309535678861354
0.05163966066527101
-0.1486411827154712
0.08390954522909838
-0.08195106402945024
0.05993623127130176
-0.0471923544706972
0.009245210457873795
-0.1455238819687202
0.09333980545391103
0.1046410255258306
-0.1077030083054411
0.1396351282378003
-0.1378990865263095
0.07745572324642337
-0.03381836200792335
-0.04135564003589828
0.04863114495073159
-0.0004434034054373123
-0.1085269989006801
-0.01311970797396722
0.02972714134883708
-0.005492041538174845
0.008053719985734021
-0.06098874851070817
0.09536692031718119
0.08958815561388635
0.06056038690256303
-0.08763293599010127
-0.07930614756936773
-0.04628275456301326
0.1054749723022234
0.1223463263450302
-0.04492378781291263
0.03937044408493826
-0.1096260597517176
-0.1349922561115289
0.1421811687136395
0.04961681028450948
-0.1305179544467647
0.08548998129609431
0.004258219786709099
-0.08821325685767613
0.07512818789175128
0.01636074303276379
0.1392114970108171
-0.1086882563112103
0.1250076432398067
0.03784989899281108
0.04086255973911849
-0.13353595718955
-0.1252698598854773
-0.07942413384567165
0.01097300263209351
0.03278772855883556
0.009595137837164957
-0.04365035787098411
-0.02762202307245668
-0.07984794646492742
0.01870933744021233
0.04305852929101605
0.02387217515258836
-0.02582617555504438
0.01538364174966616
0.1289582911969693
-0.1364557232374169
0.05576564764739184
0.1439688475472315
-0.1442808379804942
-0.04459944529426819
-0.1365521015804106
0.09120354716332645
0.1096382675445667
-0.07478412396724177
0.01633531639161771
-0.02401382463142958
-0.08557261377455455
0.05763218573495203
-0.04900219793255296
0.1022935299343602
-0.05151491861489754
-0.03253821118098339
0.1270058083407571
0.01906299426503306
0.1284357111712824
0.009779710815434325
-0.1213477272048535
-0.06521869515468699
0.1321464310507139
-0.05119539844925458
0.1034913474144684
0.02520227247577065
0.1226783944941284
-0.07233624258176696
-0.1094144568393681
0.1016326357794248
-0.05879600408937958
0.09634749901610863
0.09559289827613913
-0.05308354310256977
-0.09826991325612251
0.1090347132891707
-0.1118807295513802
-0.1386324248969822
-0.1157449961461128
0.05445041727362819
-0.01264361693869837
-0.05131475334460041
-0.03792092026513191
0.08835158959439911
-0.09903294534918217
0.06056437879836334
-0.09418473046443133
-0.1220278639730658
-0.07037217385491533
-0.1157518922952129
0.03774879977579983
-0.04171832299408551
-0.03096967805440798
0.01989640866071764
0.05708471156035002
-0.07748010378573729
-0.1049030543110299
0.0297602129741302
0.0001821919467645358
-0.06431854006702201
-0.01860698133438246
0.09138534525065883
-0.1179687006109496
-0.07301380922144976
-0.1116991189058422
-0.06624007518416981
-0.1139801623875583
-0.07357464469708255
-0.0548659477036119
-0.07972388974597128
0.130868228391923
0.08248044578120622
0.01895953412262047
-0.0570495765858379
0.02083693545888438
0.06992435492219871
-0.1464886367755416
0.07664858473593911
0.0978972437556821
-0.06685951573846351
0.1108932526863142
-0.01435619700847531
0.04141573334459524
-0.0700779046391662
-0.1444613185520389
-0.05149980749410542
0.00244236703317033
-0.09936518018458665
0.1282608876999941
-0.1473790458006035
-0.0136760017652752
-0.04034501002365482
0.09400692461924101
0.01834822334214602
0.03663994614867374
0.1323096314253363
0.1021083897416741
0.07266080459117918
-0.0912673764231177
-0.1027644614921419
0.1429350105511431
-0.1103969249289434
0.1297207426430751
0.01189483955780914
-0.01744951310753142
0.0005539068688624697
-0.06817998062933517
-0.01393691370685073
-0.07279721774016862
-0.1202850415909946
0.06920046411563879
-0.1119010906151569
0.01535973765825219
-0.0393805147039711
-0.03197692759013648
0.02089914962368446
0.05912010831196125
0.1204632940858914
0.07153576713051117
0.03738075993276899
0.1230853903319461
-0.09214634673745047
0.1470353715856839
0.06709293537970694
0.07620198691856167
0.03367585105992662
0.04940388994930934
0.0283101413676922
-0.04366295659612245
0.1081363492395976
0.0755454032235066
-0.05072739818152448
0.1477393882901986
0.05526403598703009
0.1111675514951543
-0.01970940668588011
-0.09418049980147258
-0.1070122836469329
0.1163537316733308
-0.01697732948165453
-0.07729705452877163
0.02112303691364055
0.08806238164310069
0.1461772796635478
0.1391439769641014
-0.04103806684139332
0.05529630764265334
0.1096087417171794
-0.1194992538065816
-0.0573236914209849
0.08269196464067005
-0.06164556522847966
-0.0602878738948584
-0.0002208297376627716
-0.135442903476019
0.1233883655770819
-0.1008122761113705
0.0428633282449823
-0.07027805445861661
-0.142675706614134
-0.03158828799180377
0.02899604915424328
-0.1449319507057925
-0.1263290623357292
-0.009835153273299127
-0.01464652647225032
-0.0705045262133155
0.03315040936900933
-0.04828836912253498
0.06251654027818418
0.1058545890454344
0.1372682340154308
-0.06636169662692365
0.04391856745573604
0.1334403287257427
-0.07721667357253492
-0.1471152162962928
0.038733701620781
-0.1176109466803061
-0.1166159331208514
0.1314134520076872
0.115084381993453
-0.02826419084409881
-0.07887589246277381
-0.03512961042571573
-0.01371068991238754
-0.1054889842087056
0.01405876873188207
-0.1208424444845748
-0.02576072363428264
0.02138111199679257
-0.00242979814883135
-0.1467639226171359
0.02644874505413073
0.02124592262416011
-0.006601124583749947
-0.1381966683430193
0.1007374689651158
-0.1234487508993886
-0.03649094020315236
0.01325181405276474
0.1324086469848788
-0.04922044635218865
0.0968915883025751
0.02632179134760785
-0.06578377900656533
-0.1303208357664263
0.02921087931953889
0.1229579901340806
-0.09792732784941488
0.06259170534063033
0.1043676790560823
-0.1328523436579398
-0.1156803698085191
-0.1245119840212546
-0.01798367098733183
0.02061606379909127
-0.07999619423088765
0.1460763342937176
0.04976931595046672
0.04423304580376429
0.01746169234791188
-0.1026657563834091
0.04746882218463353
-0.1061006035716192
0.06857864852933575
-0.1091227327911773
-0.09428262292383506
0.01932457300228895
-0.08257711360708818
0.01922028583976245
-0.1174263850950665
-0.1001762977524646
0.1200048232744943
0.1294741703128689
0.07615435569584669
-0.09577813140556603
0.1491464177566462
-0.04464022400216466
-0.122826224568745
-0.0987893555946141
-0.1320462305584766
0.1315535301443912
-0.08162638546925534
-0.09772756942745298
-0.1429646613923751
0.05040357333620776
0.07289942885699713
-0.07295527545503752
0.04646671722354279
-0.02734760602543843
0.1212899137993769
-0.08605990882256287
0.02000154454248782
0.01875747610166406
-0.04219505843591577
-0.06141748741241273
0.05964158252657904
0.01353692931875935
0.1079051713432392
0.1270224357435573
-0.117228601505977
0.1404946120478089
-0.1231224573224902
-0.1472219905990025
0.1199245945147727
0.103030108133923
-0.09299841530246075
0.1190997385987114
-0.09161056811126238
-0.06582002725063954
-0.1296889305933494
-0.07366036857122983
-0.08429008482689954
-0.06131114331482922
-0.02139465506726395
-0.07724673123176921
0.1390697026720507
-0.0985148899585031
-0.000200896011022004
0.03553150764633453
0.02415378694066873
-0.02890493725540777
0.0994518869148064
-0.1058407824568807
0.1398416671369408
-0.09270922962566694
-0.0172586744062302
0.04945827269800747
0.07082835188199404
-0.05935798867529588
0.02652046096743346
0.1036069720246472
-0.06887761043220866
0.05339871106440379
0.1063870271545212
-0.09893141717236136
0.006417436695522898
-0.1366336486766203
-0.1298184997869608
0.06481669519510865
-0.05246326410656971
-0.1095187265722366
0.1411275194738967
0.01327124024558531
-0.02082133386825815
-0.03025313508422535
0.08603709669076059
-0.03176276872227042
0.02125374070306463
-0.06417092036271548
-0.1462379384032159
-0.1045996822804929
0.05689304537555501
0.1032188739598641
-0.06044749459357219
0.04674691428815111
-0.1394821942665822
0.07229509419036574
-0.05378755233603342
0.0813512968036193
-0.1370622870433325
0.1227288205055961
0.03495294116017108
-0.05593938556084801
0.02612448926734732
-0.00866962955745099
-0.004865693407588429
-0.1174554807058919
0.004702347616610075
0.01530881175629759
0.09735167648156322
0.1022489832901884
0.05579549618223738
0.0884920728845759
-0.03448868457257864
-0.1150409802571235
-0.09176184990723669
-0.09846612061284869
0.003194632849696444
0.07947984930152652
-0.01264335840546638
0.006963568385573335
0.124877746930488
-0.1057371395695981
-0.03980928250933614
-0.08556807586420412
0.09101012010412411
-0.02929530454648751
0.136725394000852
-0.1127762378649998
-0.09794460095748594
0.1496636959652756
-0.1400469685778149
0.0870112241170185
-0.05627558870006908
0.03607901519219142
-0.07165827324378712
0.08886002866135394
0.0686295470703954
0.08304867855034587
-0.04582997403536773
0.01597920682844058
0.03529126349913769
-0.1400388656595367
-0.04553010061449329
-0.1491931711058944
-0.1050768588189891
0.012709524766615
-0.09765873212875587
0.04811593125051934
-0.05780978909382185
0.03970237223112851
-0.09491935283735807
-0.08293511658205741
0.08394754241553112
0.01527249162761136
-0.01849109527014162
0.02496557421819207
0.1359732266425241
-0.03177822760520995
0.06219246214892902
-0.1119640200565434
-0.03211008350377786
0.07215037626394838
0.1250387562073583
0.06161219337025011
-0.04177649316727691
-0.09661711648344178
0.0004709401022439099
-0.1231551248933338
0.1364309534036454
0.104640093496064
0.04283065800893145
0.02172417918102561
0.1146008195952491
0.1473006928499768
0.02252949871561962
-0.1404787358151599
0.01000966566442349
0.07486740670948613
0.0576361155639042
0.1021982282128414
-0.03543773032343717
0.1127184196739591
-0.1307324665205693
-0.1014812479172497
-0.02201354628703462
0.0007666579300677577
0.0734871039839273
-0.03603951361416223
0.1189917672690758
-0.01432469438906977
0.001991434490503958
-0.06312048146026138
-0.09217934941237534
-0.02296511502815744
0.1484920987553063
0.01604832698688208
0.03041975420141643
-0.001034759594097834
0.04290069451224793
0.0168501870881175
-0.04639440744383464
-0.06426905319759112
-0.1114257444056509
-0.08179399944122644
-0.06696830029847459
0.0611034629805651
-0.07227336225205723
0.09304099527346951
-0.0140295654509029
0.1353636091535781
0.04524095923923248
0.1005318433747309
0.09807986602219593
0.06450823320985015
0.1490499502819008
-0.07393385007753929
-0.08472510018324869
0.07253465884746167
-0.1157345966360326
-0.09178625381667277
-0.1079786626766434
-0.02885577223032183
-0.03396897685536094
0.01905624031098989
-0.03036000228340396
0.1320767307377306
-0.1005278489441081
0.1186014946095933
0.02498685562097489
0.06632901315746426
-0.07779307267451499
0.1107088281782709
0.1048991492007928
-0.009581942868319714
-0.1062570926563325
0.01600724898054659
0.06814280027938413
0.1367824180643355
-0.1480259640149229
0.05350644278972647
0.0320280905713196
0.1025035069005081
0.001582994516769928
-0.05346555744847463
0.101556066812783
0.0776504686242919
0.01180838980933546
0.02408986053947196
-0.03232278659442803
0.04607793351892018
0.08230001330982836
0.009696076183180699
-0.1327820551701245
-0.1016693777006826
-0.1212438911679117
-0.01314274780780924
-0.119589087238917
-0.07177044866054529
-0.04453944833474394
0.05539134807398531
0.1445569833768192
0.02767101604935612
0.01610125322543233
0.09945530833082293
-0.1319176236469317
0.05984545348982369
-0.03454270012956208
0.08622216664317067
0.04662725874944607
-0.03257008003164065
-0.01027034613326986
-0.07134687694930816
-0.08006185411663085
0.1413201962330944
0.0251899137769725
-0.1285059527573858
0.06896097586901258
-0.1130131736867804
0.04558407354496601
-0.1133559997829138
0.08306901387727207
-0.02211585716709016
0.04633869065364171
0.1002931170248666
0.02621668318501529
0.07509933978756479
-0.06285388082977027
0.05662367066277046
-0.146675044681308
0.04260325024236374
-0.03798358812150601
0.147881719724312
-0.07973063018002774
0.1281250964682724
0.09734600322147276
-0.06163639526030504
0.03796572203672288
-0.08720783187662608
-0.1254187839247369
-0.06540155117139128
0.03023050176918937
0.0143069274143385
0.0132447444634113
0.1001738367710963
0.005627739417653116
-0.1115638882421828
0.1216652627637017
-0.07540793671898825
-0.07457368557887525
0.01724208359785291
-0.03877757084396635
-0.1415165120115101
0.1451140787637472
-0.1424333213049126
0.1087834261472805
0.02134337052690716
0.08265890346010998
-0.1040777096140783
-0.07202797915540426
0.085980090301539
0.08851397649035139
0.03997569277220835
0.08386749981821977
-0.1412042027185914
0.01809608456652574
0.03119754971893848
-0.05285218052268389
-0.09393119435733484
0.09400607888134108
-0.02825705998421249
-0.009332683681262742
-0.02577893927385611
0.1360252482866517
-0.1461039864714076
-0.07560909096358127
-0.008337375808799324
-0.107678568835125
-0.1039715439677599
0.06624441516861017
-0.03224343736550921
0.06328763891704618
-0.1225418906025231
-0.02376539487719273
0.0584015886534641
-0.1149833165825832
-0.06498774799243791
-0.07025978909714965
0.1176788260557411
-0.01905303121170117
0.007702142686814925
0.05365212551771768
-0.080546409793727
-0.1023126650724014
-0.01247850417680225
-0.07174607649757053
0.06578535459046191
-0.1312934689317359
0.0254078273801162
0.1218421837103406
0.1127059046046251
0.1471344781526229
-0.03751342806433403
-0.06307513276243139
0.1331628360399451
-0.03362180479712062
0.01129543540968105
-0.02518885862558415
0.008702615021615441
0.05733604646623055
-0.1089578389783063
0.1264372570315573
-0.02938163728846835
-0.08149726842792934
-0.04731143309153973
-0.1209801290393292
-0.0464942271468882
0.0376846476135264
-0.04123523206684361
-0.07881812526863437
-0.131387432254569
0.1164619359025779
0.1248213669894279
-0.06192240259869761
-0.1358577326198788
-0.03766921290301035
0.01631833921951502
0.07991070881806368
-0.01895255331056679
-0.1082859976172794
0.05173872827124892
-0.05627509448504631
-0.1111613942603916
-0.1357755383781754
0.03063300665110022
-0.1280035113185961
-0.01941134127646958
-0.1080677260180849
-0.003194338117913757
0.1392864679948025
0.09926679244508996
0.03784193056905977
0.1157164472588644
-0.08011994369500625
0.1063364111097407
-0.08161191241951106
-0.05110634430686618
-0.09016025325500204
0.1060678529257483
0.05764641180298929
-0.0189916885601728
0.1246778864771681
0.02409672263099012
-0.04417515802470191
-0.08725813603488476
0.0382300396872385
0.06814883692538377
0.07905497172299127
-0.0318652178696625
-0.1008212475137636
0.1207679838604238
-0.1301287891236823
-0.007098417260033864
-0.1403949179198158
-0.1159139504888419
-0.126460204961476
-0.1183968584498379
0.01467686051175762
-0.08452699670076706
0.02841244541465635
0.003960220998786413
-0.1352620179454655
-0.08374672622194235
-0.0303221902821912
-0.06538357557913672
-0.1274117488646241
0.0380630463113056
0.03351005571881441
-0.06757289131150833
-0.005866100582542799
-0.05884208300656932
0.06343718118355461
-0.03118623700393213
0.1152574954818722
-0.1307407459268893
0.0315466870574205
0.003481303406952724
0.08740653573774793
-0.03938765714344167
0.1216211232793946
0.1365917909100169
-0.0686173453170434
0.141489596366473
-0.02051862479068974
-0.05902045188593603
-0.1244163500003015
0.003033332207368326
-0.02741918459609036
0.04024907683882599
0.06850420392249458
-0.1490073611088315
-0.1057861196770649
0.08324127424819357
-0.08276506694857014
0.01388708917232587
-0.1321434953250983
-0.0601698341658153
-0.0980490304208284
0.05136343232143083
0.02225724012764739
0.04608246505032786
0.1425214178913888
-0.06430853425496072
-0.1351102483257192
0.1077730420518841
-0.04505126340860641
0.04644046069501562
-0.03874251073989816
-0.1076422950839408
-0.1429532138096261
-0.06712317140670329
-0.121056419025076
-0.06157896898237025
-0.07563499872717042
0.00843186377936558
0.02940117743213551
-0.0500583662553848
-0.138539540386939
-0.1480190297823311
0.1401966603717794
0.07996005200616679
-0.1470298310984195
-0.1155940888179817
0.01319920701872773
-0.07978851566733045
0.04829216570916702
0.03105568735118266
0.01004209145964325
0.100241838390055
-0.06757810030073297
-0.1177009696456143
-0.003677366096524258
-0.07505671094822826
-0.0320097626678101
0.01121240954766278
-0.1172817588165783
0.0729404355689881
-0.09234703422633327
-0.006023532340985119
0.1152979099742349
-0.08530025143888791
0.0768526096128461
0.1442415661617376
0.003120189180376428
-0.14878193396075
0.002673352068603663
-0.1174804324331846
-0.04883967321071644
0.01413320911309367
-0.05864422843306399
-0.05590390236975402
-0.1125355684024105
-0.02423778331512164
0.1072883964049553
-0.04231773657387723
-0.1259488652898382
-0.01165520843706055
0.1177253064917577
0.1242867746750851
0.07076934313604079
-0.149975140785491
-0.02938408416904477
0.1457199140906618
-0.03200366983104577
0.1318307103494881
-0.1215674089009291
-0.1090501201549522
-0.1105142961702092
0.02239873656105532
-0.1437493691964797
-0.04581405961790536
-0.0507422966771978
-0.1495100121063158
0.1072908268373344
-0.04952297878919355
0.003165779881644807
0.1398230339505253
0.05164268860868756
-0.1326993884962888
-0.1256762110608649
0.1429941200391969
-0.03860972493194743
-0.08820759741743173
-0.03124387768363167
-0.08131509156787539
0.01948070844135398
-0.007189563075348142
0.0570372295125088
-0.0128023595682234
-0.03289545548032089
-0.02219540373050086
-0.01277695698000739
0.08772184292384569
-0.02648075084860668
0.1052345814481725
0.06955588385380958
0.001951739281922004
0.1461879132913282
0.1090333266453755
-0.1256474920017893
-0.1475597460584808
-0.08677946878684199
-0.02639402588027123
-0.1470746904941749
-0.1294814864728116
0.07409851045317392
0.006099757373188061
-0.1396593445363687
-0.02427204304504176
0.02339052975898597
-0.1153343709542756
-0.03126205165389492
0.134800399391063
-0.05352848922383319
0.08749150146967197
-0.0965164031385608
0.1159447474024707
-0.06970078495112617
0.1105158776544055
-0.04686069695730002
0.047411533244074
-0.06166317587396465
0.09037247155157921
-0.01486604067340344
0.06183137769704707
0.04560500578586381
-0.09533063769151638
-0.08623381097447526
0.04177049146430563
-0.1362925108017229
-0.06185076244497906
0.04424033002810953
-0.07305640700151894
0.06177841301655933
0.04715724913030336
-0.05254533736610932
-0.01412644877695278
-0.09672587317930705
-0.0421963069802234
0.1116050484095932
0.07667954435210944
-0.007517430754332824
-0.06967247421626417
0.06146206525984333
0.0889313478953956
-0.1321773112437796
0.1149541874830344
0.05487537240013906
-0.05187003517376166
0.07546313272436299
-0.1419731046334259
0.1455662777640894
-0.1362133440442569
0.09835423336535394
-0.01935547652561619
0.07563713967474973
-0.005985907303849757
0.03533878010480399
0.1393999512222325
-0.1142181493447097
0.0490667790429655
-0.07242584146225151
0.08000873918643304
0.1259806177310454
0.1393384213908164
-0.02280855964712821
-0.07650911399104586
-0.02476370819193732
0.03047710778500563
0.03128304621819426
-0.06317935515518922
-0.04282450312954691
-0.1262166583428818
0.01715047857363821
-0.1313625701174124
0.1127054986274125
0.03499363968926947
0.1335918556917635
0.01757668270272202
0.1331518552510764
0.05906678824183655
0.02562365294227302
0.1286995972861663
0.07282104475701129
-0.02596689097582556
-0.04063462511625326
-0.001500340594660435
0.1180457248018762
0.144681584075122
-0.01205104102049239
-0.1461673115459348
0.04377316458175692
0.06552581047134658
0.08382649559260422
0.01982319629863146
0.05488878993717988
-0.08894030709737619
0.09330144896895699
-0.1199028386866457
0.09157628390081531
-0.02540294425601793
-0.03304269965088842
-0.1012480843745292
-0.001639421648818738
0.1341787458457831
-0.08260514380098034
-0.03888997754795272
0.01920246343475613
-0.09904102827998267
0.1287223481953895
0.002355422201681667
0.1100756506293003
0.004398876652522991
-0.01895454089799013
0.03297487256602556
0.1284333903841106
0.09043478541139843
-0.1184974621839866
0.09647095463466113
0.08521886602338902
0.01947782775962711
0.1003567949530255
-0.02096609670643544
-0.06497073201049995
0.03427828620795679
0.1488918542202943
0.1399646897964451
0.09538235331506549
0.09222104992613168
-0.1298877156168286
0.03697343539786366
-0.0831563645866695
-0.01288793331772744
0.08574501326650749
0.06525531323249548
-0.02869708671505783
-0.1468351782637103
-0.1235984468520877
0.1405268652308715
-0.09580206824980515
-0.1448389474787213
-0.007089739615571458
-0.1356942807062797
0.009570064049793032
0.1240127367691528
0.04731816848171864
-0.01194992270157188
0.06449873400867269
0.07885398546177941
-0.06542469335146379
-0.0002719830448081967
-0.05165406651981649
-0.1150418019716176
0.1287796913483032
0.03340412202981531
0.06922900538113387
0.1276674393824046
0.02337136511069928
0.014611155211129
0.0698908759342939
0.04348276444979333
-0.09841884226443945
0.1367332497486241
-0.119396564738973
0.1373392467761023
0.05199653334128878
0.001913530919438536
0.1405162103171135
0.0783958038336094
-0.007562795200379075
-0.1052914760985168
0.08355807779943016
0.1353516916850608
-0.09098530461503895
-0.05687695468977568
0.1093614895081601
0.1063361429735034
0.08117095504973741
0.0238352853580029
0.03517314766590916
-0.1342446984772091
-0.1264228822533282
0.1335249099559258
-0.09930447168203071
-0.1476446189903163
0.01692588512661999
0.1199397091610367
0.1300357840079801
-0.1096926211875929
-0.0154418381691545
0.04991855069556008
0.08380430959997559
0.0361617097106395
0.03665496952469069
0.1143955157270407
0.02348847228506941
-0.06133112266469314
-0.03368009612331571
0.01400398774135247
-0.132937242606745
0.1087507054060008
0.05870681299052021
0.1006164474754205
0.0940968797687488
0.1177192614013472
-0.1062495278467667
0.05345269240040902
0.07405008507207222
0.124925453757334
-0.07269489878560087
-0.04077127152779671
0.1406810815512373
-0.04911217533222958
-0.05724773031187826
-0.1086099839614242
-0.04674951263143258
0.1096906663233005
-0.1386711554775679
-0.06671388157663609
0.149996162993143
-0.004104039722719431
0.1332184688064575
0.083797110955982
-0.1179498906658534
0.019886683729681
0.04820365448400605
0.05554513740602404
0.1085561891050272
-0.1354798873596462
-0.08044907525917172
0.1256205380411723
0.1232698921209473
0.1282582522267358
0.07623830027666186
0.06736435211767072
0.0959784812239495
0.119988539294247
-0.02918475958840699
0.02002742266245077
0.09491574335535767
0.04812155153140021
0.1292550097726396
0.08559607995762325
0.149010486233783
-0.07798971383030188
0.1269857675872046
-0.0477386962374872
-0.1183010184974966
0.1383183658163973
-0.1182970883425467
-0.0157846497274307
0.01876824450099261
0.1154868727995154
0.01625925446142072
-0.1113505799994376
0.01369931294348374
-0.07819684212462422
0.147206154619748
0.02820865515905938
-0.008645828064971942
0.1228300756782305
0.00147651800455305
-0.03038543291927117
0.04906826603162598
-0.08114701565435795
-0.08440535316828512
0.01905572340038891
0.03966485393915126
0.08562669644499037
-0.03602985338185777
-0.06221208678683078
0.06487146700797004
-0.1004308950506446
-0.06319670924926418
0.1368894178583412
-0.1234470580944357
0.03906208972265211
-0.1314163971462645
-0.1351263744278196
-0.07539429214326085
-0.0997166198068624
-0.0009177346731174649
0.09337516091428863
-0.1342205657185705
-0.1346567448831441
0.1320198741301019
0.02946719637735377
-0.06284708137252057
0.129229270114447
-0.09231487451472332
0.07850677126905867
0.102062633490389
0.05917306423436824
-0.1018758436664964
0.001125899565993135
0.1280249074920132
-0.03628136729892059
-0.1298163707442317
0.01769020942754367
-0.1006623225719388
-0.01584870647534478
0.1054764987652291
0.1142243332065259
0.03372897408956078
-0.1077206648750155
0.1011061715175652
0.06027468671279266
0.08134180302751062
0.1196936215193525
0.07514117609310152
-0.1440587640875178
-0.1300213986080659
-0.07577063977497946
0.09932126405805719
-0.1142371487290093
-0.06042068070926197
0.08134583047314461
0.06523058774780882
0.02672925943447224
0.06057321812237524
0.1229085894455682
-0.0447634415077726
0.01263640186381864
0.03208890315724584
0.003352410363109071
-0.1362559140409034
0.01009346734743569
0.1170641132812841
-0.116072926047635
-0.1222195983522299
-0.1335852522202612
0.01809440816058451
0.1332702621576032
0.130641623986541
-0.09818852922994001
-0.1244439543703486
0.08175496596606073
0.1120879845459015
0.1068825379358627
0.05142851643298365
0.03720606368093595
0.1128238048584523
0.07142692410583099
0.1114632594138849
0.06215406397263315
0.1071690773613724
-0.09897144090033616
-0.006520167041346088
0.0223983459047009
0.07776507790988459
-0.09594901067945008
-0.004696057827016341
-0.1169919818576364
0.06672871285012004
-0.1226219959352733
0.03634470653555975
0.08043356186856858
0.03751318106486501
0.003449760373179992
0.1143919954801608
0.06530141077726419
0.01988126637481736
-0.01748801364532174
0.04856466243466494
0.0004969682438112596
0.0342971666028201
0.07413338065986623
-0.06770575957132563
-0.003629701930175605
0.03102191264303204
0.1337344315378851
-0.1163783054275123
-0.006119107796465064
0.05512653594787521
0.1450653435834727
-0.09399830856037136
0.01231638696511205
-0.1038981704173135
0.04945809906387266
-0.1152756668200934
0.1238881235722388
0.1035513443750141
0.03004158806523203
-0.1431418776305196
0.02025895512832839
0.05745675475844875
0.04323015199459351
-0.04928688332310713
-0.05504463855135301
-0.103302173633786
-0.08487647203235509
-0.1397539101060306
0.06658269924469949
0.04762383005113363
0.05885067290013444
-0.08287824283447309
-0.0680885517307516
-0.01698559881909962
-0.0005834210497693479
0.07831353884609071
-0.135977139886531
-0.01689161477657112
0.1119446238721775
0.007886112402682563
-0.1117120801948529
0.1070506793856161
0.06389422591282079
0.05062261780447895
-0.1468105946310705
-0.03657875988444745
0.08539111348663733
0.1270687107329829
-0.08298619387218957
-0.03454187586986521
0.1339904483958931
0.08731136066833328
-0.1270871482276522
0.02727193004751318
-0.1119536150816018
-0.03207517730577755
0.07400999461830132
-0.04681344340053781
-0.02176375780144405
-0.0093519645987186
-0.1491346104816081
-0.1128712460308473
0.05778618899128411
-0.06717591093108284
0.02014821321869268
-0.09279387397947321
-0.1388191415156213
0.03420779689859608
0.04036165186336314
0.1231751164491827
-0.1078712542766467
0.07868456119321034
0.0802604685085182
0.1060759484751633
-0.02064730784579664
0.08348491382542576
-0.08045371601078265
-0.08522710873654088
0.06060659321477427
-0.0134130500938879
0.03026056081049739
0.04463708755384687
-0.07608001222752665
0.05323236597897894
-0.0780518792289034
-0.03800038594853094
-0.1288178895222279
0.1459836532883029
0.06523247260047386
-0.0005721360181716078
-0.01339037329351989
0.06608509096077497
0.03654739464756739
-0.1055976740599723
0.1489142156176633
-0.09330454394792248
-0.04839013978504039
-0.1399041718727284
0.0909140449478822
0.1419691077355694
0.1332636368926168
0.1330405669672987
0.07065578268148916
0.06352282581057403
0.08911276970778959
-0.09998997796437888
-0.002985640625701509
-0.1413440923243053
-0.03521774643718652
-0.092382860982458
-0.004764523420885557
0.1450313052381229
0.1022411783575942
0.06915986853251477
0.04827630684200659
-0.125813249475211
-0.1188473203897734
0.06943772834571912
-0.1298242784540959
0.09637528520590813
-0.08114523534947296
0.006781680627311854
0.01246586772039279
0.1054190409641001
0.05118639979131488
0.01137140155544948
-0.137887596665895
-0.1472170578798311
0.02147521361455461
0.1029985654073788
0.1447635302874833
0.004740441456982518
0.08606026454531979
0.06542366023628085
-0.0817334867730478
0.02516502674709166
0.1154209365258904
0.06526758958062449
0.03381614753811447
-0.06980562627664728
0.1228781643206498
-0.1209408858568461
-0.0747676912660715
0.07513031734878577
0.09821515897515846
0.1234942064589053
0.09932523656266257
0.1293678698875891
0.04293603991255286
0.119495204313177
0.07574440210959231
0.1117932362361879
-0.02372268826155761
-0.06178844645905228
0.06719876043839956
-0.1225329851703985
0.09958826586346309
0.07930780678476421
-0.1197443010713613
-0.02893546388180272
0.03232140804199543
-0.1249862168802292
0.1257950641297568
-0.03162701212149824
0.09042670383930322
-0.1059451514805227
0.1435384564143363
0.05584545151837744
0.1093222451162883
0.02735542249640346
0.1360401809571478
0.08220446800257067
0.05641269075792071
-0.08872834520798592
0.00733752201021606
0.004627911371335967
-0.1152328582413852
-0.04333636414696831
-0.01600240416356715
0.07769997639563947
-0.07384105116779896
-0.09025619188905011
0.0394925998481816
0.05243881327988644
-0.002045946116833647
0.07990624179893939
-0.05245448531516102
-0.113996548463407
0.1101675692248136
0.06860632619236909
0.06832453496047732
0.1351783116374251
0.0444012335635179
-0.11330143569917
0.07560031772663448
0.08845192009298543
-0.1197614185724426
-0.01855709805569617
0.0477805979717259
0.05759141791467708
-0.032516670359685
-0.02001614492464588
-0.03599159458809962
0.02875646297215425
0.1373182773457158
0.118631493304727
0.0635287639490839
-0.05601204391736925
-0.04736969732269052
-0.008778760221720987
0.02013689785061397
0.01236708124188346
-0.1192867821778538
-0.07741935013771668
-0.1396720218919031
-0.01258769292726734
-0.1475158337160987
-0.04213058238160008
0.02340957786853699
0.1126435468089387
-0.1235280292061189
-0.05826303194006034
0.09780677174620674
0.07087739414431553
-0.02156793834821834
0.02340807907117043
0.009325241786853785
0.008672785167641349
-0.1451440628751904
-0.09289743653409351
-0.08374360506630123
-0.02766241499675078
0.03708549493952167
0.03025406087714428
-0.1489067023375048
0.02439667979623522
-0.001116357496725321
0.06461066335989554
0.1183828526337947
0.1015118867195831
-0.09416187552635712
-0.01146901173189797
-0.03611200089646866
-0.06343920753106483
0.06110867951659904
-0.02579398479302432
0.07396123194917427
0.06357828982571805
0.08207314649016809
-0.05262424155607443
0.02622897119199006
0.1085578109351459
0.03911589971000375
-0.02595253129416244
0.02943348083688158
-0.1324655184452055
0.1474471573914407
-0.1112387136902329
0.02621024071366225
-0.1476943486345975
-0.05411693096051998
0.09248063577291787
-0.02533076777153893
0.132970080870348
-0.02726305180915415
-0.02424435332427558
0.007360646181676372
0.1216172402836441
-0.1096233134292922
-0.02424885365662252
0.07314095584761696
-0.05378463041524577
0.1142777047169648
-0.1129790619513232
0.03277976527575294
0.02537652725350098
0.01123777328821849
-0.043258249075748
-0.0610294827098356
-0.05667794554620476
0.05409786536576418
0.115180278383604
-0.09812529895233846
-0.05678645806696895
-0.06077061402526841
0.08131609556728728
-0.03923433318806138
-0.06330885499121808
0.1200620270284722
0.1369835211570714
-0.06103862092539734
-0.08410063049302888
0.07938307836054602
0.06361360272390694
-0.1011353644187759
-0.09787150568673078
-0.1106390979066059
0.05619281222265941
-0.1262539087102134
-0.0702979399616136
-0.1180934883100486
0.09682833810963973
0.02588698538639295
0.1461813858084823
0.133840436766809
-0.09135131644721889
0.02151723315322265
-0.004954560822389296
0.01538925057189901
0.1104778375267154
0.08838672021606879
-0.08050681262087514
0.07569523685384749
0.1402563229894086
0.01267936805930129
-0.1351053261773223
0.07152008866266947
0.1234366951015232
-0.04843681274885658
0.04154657305265366
0.1103593683664749
0.04051423964345856
0.1074511405877891
0.03975088592441348
-0.04590502470832479
-0.1437271484614122
0.09187331550734329
-0.006549615216838305
0.06244514888822061
0.11555964250106
0.07312372210002911
0.09434964438652618
0.06238627310287825
-0.0509766121234273
0.09048922534196363
0.0462350718584963
0.00767454022987163
-0.03796653600784056
-0.1087151889677231
-0.1270044302428168
-0.07750782041212069
0.1296172622265239
-0.05754323296557609
0.1481314736749882
0.1197937131444763
0.1050760617509501
-0.1370416830783603
0.04123920631397418
0.07841479944356915
-0.03558893929612197
-0.06724119482737831
0.03875015752491526
-0.145103091359604
-0.109861075197773
-0.07156526879106886
-0.0410350532509807
-0.1036510303145405
-0.1297594478908703
0.1023648415177099
0.1087268242868023
0.1356968111424874
0.02538276899987644
0.05297188553369125
0.04804324707666419
0.1243550145352665
-0.006583336021935565
-0.05578489195462724
-0.01804702426045897
0.1053837818231294
-0.01458161680091194
0.004899144515749426
-0.1221960167914863
-0.03503617081396207
0.09727575775867174
-0.1241436381200345
-0.06530563867555859
0.05229131867444053
-0.1112493850135331
0.1258798717885317
-0.01934113098226171
0.00313182498821833
-0.09143984901810435
-0.130668562689637
0.007984052855433778
-0.05137709732050386
-0.05228569099798895
0.1168930310377647
-0.005094741641003392
-0.03210786283064501
0.06918719869285198
-0.04643036630346842
-0.04642116690606447
-0.05543396124874041
-0.1434568502511257
-0.1483745639146196
-0.08107891397873428
-4.4675789675394e-05
-0.05416044545291766
0.05087579271749108
-0.04465894022246677
0.08126347229879535
-0.09423048493732339
-0.01685035729686573
-0.1037599140289641
-0.1469424929500537
0.009013229129709831
-0.01906787730581246
0.05534336726899775
0.04776724992326569
-0.04319782304965251
-0.1140046676625509
-0.09910732821689652
0.01535371074932012
-0.09467616553305451
0.05888932020429891
0.1139851454173536
0.00302885903887767
0.02576297696134159
-0.04111138763589194
0.1209090752003035
-0.05505878442460004
0.06245813405425312
-0.07551285106776826
0.03950951042533005
0.06899104015935983
-0.07388860201168593
0.1084284950352384
-0.08103448543287432
0.02196747583242116
0.009306821462209711
0.02430419477611189
-0.04678604403070951
0.0650695092308491
-0.1425461035381581
-0.0005435335693036296
0.06813161127256616
0.01646598698811529
0.130379043765622
-0.02653318447299934
-0.08577353182216829
-0.06281998430702954
0.009463359629942245
-0.03487680333304921
0.1025448736787727
0.0647862444201425
-0.1260007234190142
0.06652422192585526
-0.08219055813131286
0.04976436387193069
-0.1245879304629292
-0.1112776243436031
0.1447108419427656
0.08787431874623332
-0.03678866944347495
0.03422134985196788
0.006874964192066096
0.03932535653918026
-0.007346379350304306
0.07583610257117
-0.08871891788753189
-0.1480423099212752
-0.04985660688144457
0.01450206660749674
0.06703616611461065
-0.0424008747593054
-0.1360448554335386
-0.01483256314526134
0.1240637271258402
0.1443327808563848
0.108635794257162
-0.1117126415291049
-0.06848743437214794
-0.03190237196757834
0.003408490719416951
-0.1159455010493591
-0.1171161683585087
0.02740883992070045
0.1005793147464045
-0.04930399184757394
-0.07282938891808932
0.1259901136602616
-0.01058399159392222
-0.07812198310621278
0.06386215263789066
0.1026246511251786
-0.07926117489935876
-0.008044488966020892
-0.05125241844881498
0.1465773477827562
0.05322731011342004
-0.0492919216396123
-0.05327963355169969
-0.082268863711059
-0.1322604431239131
0.05431582029144249
-0.0683101545679872
0.002912076627698617
0.02837957067012976
-0.07397550327985933
-0.0384539053164456
0.06666743653298794
0.007538383827634188
0.07964440316196532
-0.07992527832934204
0.0415898043867379
0.1125234232585965
0.09749336389660175
-0.007837805790418482
-0.0867796574411985
-0.1253409512245014
-0.0318354489465056
0.05263531423024819
-0.05346571766205706
-0.1179716985147314
0.005261038241267449
-0.09737228455428584
-0.04724233845941231
0.1472125883659144
0.001381429213925935
-0.0506717488180686
0.0504489064271588
0.1020871275762889
0.04604727193971853
0.1181836152210977
0.1198322349406885
-0.04963351154736086
-0.1001358418390815
-0.02726101231545599
0.1287433496296456
-0.02411375788277182
0.08428278891336337
0.04541648113655652
0.1334157562703661
0.01392355780936099
0.1154877899412231
0.02500742634448612
-0.02354698376455558
0.06296936307993105
-0.1328253252362314
0.03967109828186794
0.08763443681078291
-0.01466636312840756
-0.05767586764169348
-0.1158142108398798
0.01736404741623089
0.09757816558012623
-0.06320835975345485
0.1200962111794324
0.09479223298955458
0.08817997243024715
-0.08055608512478039
-0.004762874424711209
0.04025790648995193
0.1154891241348829
-0.03657659597692164
0.01009696048529555
-0.08414018042220978
0.01328435263151563
0.1328315212567804
-0.1054026375180532
0.1391812037987481
0.06713422261150206
0.09003840973116604
0.1226172993434466
-0.06892935266702262
0.05550150783279385
-0.002415892931351465
0.05750388314483773
-0.03150306218125698
0.01478965336397995
-0.05281667683023301
-0.09389518156170902
-0.1499102423806275
0.03949814720845718
-0.05971729737740396
0.01746485216328675
-0.01290591558602777
0.02706453743996076
-0.01244951316103007
-0.06813426501173295
-0.03476757040382084
0.05699024731820437
0.0770916011818656
-0.1445178781042867
0.0224652152194092
-0.1094631946294463
0.01561089003982446
0.08834303820616787
0.05385483415700815
-0.001532719035601756
0.132925684859899
0.04296499987267665
-0.0844798593404662
0.07294731527556077
0.01558553996284669
-0.003379829718929497
-0.0215561655256994
-0.1368509959210543
-0.09587708297357179
0.09693724160058234
0.02792836535359893
0.00127288186217897
-0.1470055179458157
0.02800932090248663
-0.1092336278186134
-0.05673122599379504
-0.1045354110892277
0.02785030583891488
0.1203277390159818
0.03300469838653903
0.109720563182584
-0.06440003572459302
-0.05998018220556359
0.03681279693445807
-0.05891972921494584
0.1124901390466167
0.07736472782738928
0.1066940736242187
0.05080812617151854
-0.01883646574095645
-0.044932096281832
0.03373699030496313
-0.1258797289273511
0.02062685835940499
-0.04332386654508475
0.03965422343066063
-0.1327844361777148
0.08507058494363094
0.05280976161971949
-0.07869265344060583
0.03198946588261949
-0.06926890622949676
0.07255710838623999
0.03499949406331333
0.1087358000607467
0.1133147739504519
0.12827035233883
-0.1458119713302609
-0.008864294968290958
0.09856895295588736
0.03720108584411581
-0.04911224250977887
-0.1158319566069493
0.1272018318833262
0.1376894640422945
-0.02482022003749185
0.08965628384943357
0.06498271638562866
-0.06815779600790278
-0.009561334198601883
-0.1038828827151295
0.03691109869537931
-0.125867451375997
-0.0797826566992194
-0.0924732397095295
-0.01920029838415018
0.1098531021447287
-0.07529406404074392
-0.08412532542395564
0.01264820110985352
-0.00405094244921937
0.09778018135488696
0.09331230885022164
-0.08150771731548859
-0.01725645955323271
0.05202046677221302
-0.11819547426614
-0.03901647759081039
0.05620267390490948
0.0229477721085543
-0.09046592679006475
-0.05663175968947015
0.1237799084649743
-0.0563405856065789
-0.07945970056592402
0.1114338374695378
0.06882733548731181
-0.1398309399734421
0.0263990891394046
-0.1493468000087143
0.0005965570754804326
0.07248439824925136
0.03753481722241912
0.02472600784298937
0.1426625669422416
0.0950253598788293
-0.1445077952371934
0.1024868936905794
-0.1303141109257931
-0.07870878256730374
-0.03490990575294825
0.01564668898908189
-0.1309185123506711
-0.09160611676534443
0.08414000422479906
0.001834375158836144
0.110433406099343
0.1159531859150292
0.1128065183499378
0.0166107169001985
-0.01112018664970731
-0.1276568007704985
0.109984505561781
-0.03732260349034505
-0.03399292148548223
-0.1194791930443576
-0.07589346453337167
-0.1151614732068909
-0.1092969385262441
0.1005075054698098
-0.1145158736952892
0.04128221529762652
0.02297365145117116
0.07301974604030019
-0.0839831293509203
0.01565379765215728
0.01803379721849349
-0.07851612645290194
-0.03185615311489566
0.03774158068209062
-0.007219369659097831
0.08322308160581687
-0.09663459730395613
0.01186430013064276
0.1416169051046289
0.1375062558289827
-0.1363015917554391
0.1020452512704531
0.1034479696130475
0.1264891108221814
-0.03134956347907647
-0.05765378004467841
0.1488583138235414
-0.07137991161878518
0.05499380721241034
-0.03516397049915464
-0.04084893114834044
0.1290978851415042
-0.0003359088226499711
-0.0001601729197691359
0.07959346288342989
0.03514675130783604
-0.1088729037371412
-0.04741918433078234
-0.04184676131913126
-0.04286909924417289
0.1182269584983592
0.1261777390707202
0.02861765287343658
-0.06363903359703711
0.0139038950566323
-0.1285965963321898
-0.1304215678150687
0.06727124022987901
0.0332721649827443
-0.1388019035995033
0.05478160191180231
0.04696186873487451
0.1132362817688584
0.008229620345309469
0.02346144311508274
-0.0681139196133476
0.1005620530080529
0.02229985103129021
0.01051666141767499
0.005563584964941381
0.1371363785705526
0.1196657772360466
-0.01533592491856785
-0.01319858593147942
-0.0304948340019642
-0.08574046552458872
-0.1280548863619601
0.01063014224047252
0.01683959480621029
-0.01990171968694206
0.1177607076111038
-0.01493163241413886
-0.04371901573173365
-0.003621982457231531
0.07142826960283599
0.1201840275101286
0.01778096959522439
0.09100835877101444
0.037454340727335
0.1022049649168224
-0.05776609859649105
0.0980159513596274
0.06544039708231884
0.1004626587195414
-0.02852385637546262
0.1473269280906305
0.05102564256343813
0.1437758448241333
0.00784321534350821
-0.09341112180929112
0.1309132823518464
-0.02249125703023019
0.04125185468268192
-0.03228611852148832
0.09701547349627961
0.1055116905419874
-0.01034142619475629
-0.04235555757781008
-0.02764872059120944
0.1197577624695875
-0.07459579600408635
0.1074193800075779
-0.07396234625172605
0.07178180896549968
0.02884855150872393
-0.103778400808157
-0.06043640616986121
-0.03014362867806902
0.08367655176168516
-0.009385787292123219
-0.0779386423430596
-0.1240895919507137
-0.06137074236564579
0.1375017483660494
0.1263735224958928
0.06010557002697801
0.1348280947250538
0.02739779010982818
0.05388142862537942
-0.00732810137325815
0.08398650514191215
0.03479363302923442
0.1201800453727977
-0.02476162216287343
-0.1474925031281794
0.06719418875045721
-0.06925030076841372
-0.007833462077198873
-0.1251619897000022
0.05310100810006368
-0.03807619068637471
-0.04975762306751098
0.01052190938253485
0.03796216362257581
-0.1279758741464443
-0.1106303210041166
0.08418345009488541
-0.0384129442470719
0.009226212683410366
0.01785963749708036
0.102200758765561
0.08128842045375866
0.04377045020359996
-0.1091696218410262
0.06879029607737461
0.02014341397852626
0.1009359966795584
0.05361728935019321
-0.1024590294648967
0.00481816229709572
-0.1037101695783814
0.1315274330488219
-0.1103891292388813
-0.1335314186474502
-0.04323396221937834
-0.1078812085901704
0.08366302141519368
0.03751551175998181
0.03428516956882591
0.1085001484496013
-0.05938313783210665
0.1462093602150429
-0.09125650252101516
0.1011378281454126
0.03417068111565019
-0.06923219893451588
0.1405090776906897
-0.03164609156475478
0.04235435375847933
-0.0002658966150190764
0.1362131023332427
-0.005444302135469765
-0.06897884543759789
0.02998324113164974
0.03538946702466802
0.1498109443726928
-0.09987358769420655
-0.01367829147598311
0.05342751006908149
-0.052332832834252
0.141138954277969
0.09971601475849198
-0.07080490724574601
-0.1192500050552634
0.1161837457729449
0.03595940548164411
-0.07713103727013616
0.04984980512236239
-0.07652335909626892
0.107154668646465
0.008347642435882884
0.014092158473036
0.1033638862551958
0.06709103454775016
-0.03476984373241923
-0.01246589883638978
0.1478594532796991
-0.04426164828117284
0.1058847367526745
0.04021394762595369
0.1054737143007871
0.09209917247636232
-0.1152323046634419
-0.1135100253545493
-0.02791769725764598
0.07015527778696617
-0.1136985270132929
0.02220841092751817
-0.09352460759241368
0.08972925110678075
0.1198766811271703
-0.102386764817981
0.03944561786781134
-0.1009308330808431
-0.07163682530086503
0.005629734049856649
0.08502844778980496
0.001234399520199784
-0.09452305047103478
-0.1414953906065689
-0.04161335512794864
0.0638239480050187
0.02259834553120482
-0.08825193837755643
-0.01908545208450825
0.1378292770670099
0.04927954060914312
-0.02122592528942913
-0.05643614644626332
0.005166137567742796
-0.1310131070536799
-0.1009666177489752
-0.05273619836470193
-0.09624628458636404
-0.06447444139111487
0.06934717760521954
0.1239047625206883
-0.0281743139540271
-0.05844654983827362
-0.119620978540074
-0.08844578207926647
-0.08857429822517315
-0.0720053260979989
0.1009987095189057
-0.03950615099935188
0.006354532031327935
-0.04337485124899282
-0.1044764010081878
-0.1424137065883505
0.01210003487768997
-0.09597350189805719
-0.03402963078643873
-0.07407535909260171
0.07662291109965653
0.02771575191846431
0.05683708120271192
0.06444667847802628
-0.07300553338971401
-0.1143907325712168
-0.1419909501638683
0.08215885959902711
-0.0954065613309808
-0.09295828539787597
-0.1205784281113084
-0.0416549943606024
-0.007434670730704445
0.09876562361565806
-0.06775048924098963
0.1143899493939346
-0.1096833572959524
-0.03737212259156296
-0.1240575747238197
-0.04825848529892039
0.04061917276719091
0.1269386828802976
0.06223456899701793
-0.1030269458932422
-0.06643697398420056
0.1077560747449555
-0.095441935298106
0.09566258769058013
-0.1382186422104245
0.02052738511025157
-0.1284148254388387
0.08840247859727174
-0.1017565513082794
0.07842206242024673
0.002849139028925384
-0.02476150715279845
0.1140308559644257
0.0108585747753658
-0.09260351841996774
-0.1313758016011565
0.06789981813758753
-0.06318178487352551
-0.02303056328388741
-0.08953448693531812
-0.1144160308039179
0.05921915214943652
-0.1251451667231333
-0.07409988451136418
-0.1281534290920076
-0.09920256112199395
0.0276416250158008
0.06246572053394903
-0.1222638741612253
-0.06012378376902638
0.1094402410959397
-0.03870052407975467
-0.1023679770876046
-0.1360037207033263
-0.09303835818119573
-0.09058588247857434
0.03452442967718299
-0.07145363122487096
0.1478170196012149
0.08276749511531024
-0.1430304524958372
0.0006651729736595365
-0.09199445002132339
0.1210021355886513
-0.1384763625655084
-0.03459838214421748
0.1396236747162592
0.0794236916485689
0.0522223870048051
-0.03340674094167455
0.1398884682344313
0.08780314911073923
-0.1241881193007287
-0.1352565713519708
-0.1362965824455961
-0.1023414837003065
-0.08445913220497737
0.04134502307968889
0.1101243104599995
-0.05672297943696517
0.1312212521805441
0.06956320224309488
0.05457622119502938
-0.1211463874071587
0.08356091257738686
0.1115379409064012
-0.06173270647960376
-0.0319156097814852
-0.109914944561861
-0.06391613917224749
-0.09914797547021126
-0.102946126113155
0.08674892321338451
-0.04114287909551805
-0.1319465186678928
0.09827216149338573
0.07425878617179522
-0.1423226905019594
0.02769536356334358
-0.02352150924202125
-0.02572957061963602
0.01758377056922008
-0.08571821979047647
8.23100796352727e-05
0.03232719948623664
-0.07201480303053502
0.04774082917614878
0.09786806728125926
0.1193302255446698
0.007865139496449925
-0.1088549121557059
0.1005515060622951
-0.07257165840015359
0.09572133042184697
0.1294051186551364
-0.1390114929941536
0.05725938338193082
-0.08232758796416575
-0.02092697842555446
0.09734442464417985
0.0037558653642218
0.02992502650242532
-0.05949674249156441
0.1387834116015174
-0.1375566052572909
-0.1112202905179054
0.06303736928952249
-0.1298651724677422
0.06646460161375761
-0.1104885296003261
-0.005598080674477515
-0.06595062970577882
-0.04619967989876003
0.1444768049215123
0.116379195736864
0.03178378240318763
0.04221801971369078
0.06425010848145814
0.001113008456238431
-0.09991748740545206
0.1053903536734788
-0.04833355750600131
-0.02248799953654087
0.05111406723270291
-0.06893565130543756
-0.01150098720552743
-0.04162647228521475
-0.001255319126154858
0.1175827642608036
-0.09428392148573998
-0.1475033533720258
-0.002498933320629977
-0.09988101465798138
-0.05699398800390758
-0.01371449062897145
-0.08742857693605559
-0.01822494213049247
-0.1006708545937038
-0.06730033775192341
-0.1017428882936489
-0.06115858082472746
0.07709621833754807
-0.01769044033751921
0.04264799802524152
0.07158245309581408
-0.05130737036737797
-0.07556663872194416
-0.03619873283228115
-0.1370566234810606
0.07554866710437586
0.01389245768044284
0.1183355876195359
-0.1227786464915086
0.141411697651616
0.01946445141119377
-0.04170958587132207
-0.02008829478408855
0.1278348075071307
0.1070347112547815
-0.05251110323988108
-0.1164486395114398
0.1095392876022241
0.09499935540594845
-0.0663154496497161
-0.0974531374498061
-0.0687190060005496
-0.003757992196394039
0.0343239464983798
-0.01939539469530533
0.07894571386619835
0.08257806641729341
0.06944953692449833
0.006040513733281277
-0.08511161181938921
-0.03790313875784393
-0.07237066242785564
0.01357312807324731
0.03651721645159232
0.04142346185679021
0.02652434831407407
-0.03793322029499754
-0.09467334349706003
-0.005127711180048841
-0.01070418575170881
-0.1032548538846419
-0.1356703282242877
0.09758989674422211
0.02663682219902811
0.1421556807422652
0.05461897849810723
0.1241315969661231
-0.1242798899576144
0.01414249566457708
0.06912094187537247
-0.04061184180759191
0.06668261201589887
-0.1496110222242888
0.1056485399530475
-0.04894484739611183
-0.01896497892295919
0.03459567259017129
-0.1163941936405394
-0.09956463418836675
-0.1093566269606286
-0.05148117288266008
0.01254765454436359
-0.03177578071464141
0.1120963902027119
-0.1008955011172763
-0.1402644433332936
-0.01137393704544316
0.01111689376698875
-0.08497823896084263
0.1334792095709662
-0.1495496956245013
-0.03824271544631486
0.1477977321415615
0.09804779481015502
0.1384108599459136
0.1400006473586011
0.002675581787352479
0.1125289078657279
-0.1342950113317328
-0.1331718327982191
0.03170170421109789
-0.02487911389335725
0.08352743993791403
0.03211274657698167
-0.06925638614165217
-0.115449343479305
-0.136870770293342
0.1153427028384026
-0.08180864207244382
-0.08644127116760582
-0.1440240026249686
0.01669506796453212
0.07613639851668755
-0.02572120153103203
-0.02121508879345336
0.1252167042488945
-0.01601595979928653
0.1174267302506033
-0.01360678620649544
0.0490143404156389
0.100898983561436
-0.0131473776337781
-0.1392031706113791
0.09875505902645046
-0.06508503485834057
0.1492053232743261
0.08872921217325253
0.08758840312751026
0.1117791402389981
0.1044541754662788
0.1044268980939602
-0.006497714033496199
-0.07040761120428009
0.03798023618066174
-0.1244252304737379
0.01034968049050555
0.07257698460416478
-0.1112850707206198
-0.02425900151189793
0.1407681450788482
-0.04768919732246593
-0.01823613411807197
0.00747652323812821
-0.121539276728944
0.1060329375143954
0.1362647940683014
-0.1463019028892252
-0.05996961092505056
0.1036988014106718
-0.009900062747080088
0.1390670105852299
0.0546298153793118
0.1269871948056736
0.1498942378439034
0.003410218922817461
-0.08807227150935713
0.149128038415602
-0.05782557690736921
0.1495371798945773
0.110922962458144
-0.1033463094583661
0.1039840393957972
-0.045583742363127
-0.02373440828546125
-0.008011503252097539
-0.01998534550572107
0.1366435607250882
-0.08543180513081119
0.01874103930504833
-0.03761590741510026
-0.09466191268695789
0.1210531496898261
0.09415134870643697
0.06281931746242955
0.1495162265925282
0.05019061638581494
0.04910342250086529
-0.1467772317026432
0.1402400707306213
0.002814022619418855
-0.00665665247633153
0.1293232179985963
-0.09253276100672497
-0.02964834327916656
0.1292206479045125
0.06087231868060068
0.0322738458654203
0.1283392796724976
-0.1469571919452095
0.03180599978050563
0.08925740006696085
-0.10029918880045
-0.01419924510546262
-0.106315736910634
0.02596864728945128
0.1277877929553248
0.02369177855947567
0.01260886599430711
-0.1076510901181293
-0.1075672272165778
0.1249929862684629
-0.0523121389962814
-0.1365068205895347
0.06914284228871059
-0.139491954760593
-0.1369920072367261
-0.03066943637691325
0.05958551997476518
-0.133769003673053
-0.04043260382076425
-0.08757200893611189
0.009573413799053595
-0.06110762128795459
-0.03011152212405378
0.129910933870333
-0.08188429280730054
-0.1192352423890877
0.01218152697396575
-0.1035540333511975
-0.1161981263108325
-0.1059958094678382
0.1357133666405278
-0.06648981824274038
0.02979640616761398
-0.1205950966299907
0.1094938253503826
0.007593820393387007
0.05309686206020935
-0.02790225274617167
0.04994331240492009
0.09553047705846805
-0.05290884863719655
0.1476273845608309
0.1090175634208882
-0.1337655866098967
-0.1418695010238287
0.1220215129513296
-0.01443010743579174
0.06773941788332503
0.1382511401392346
0.09514561073410802
0.1301638411318013
-0.00217637943341898
-0.1159574185622933
-0.0499452969282882
-0.02225736227832609
-0.04784135881337993
-0.01917644092551549
0.1399334902189576
-0.001381262211221389
0.01464349988175064
-0.116057657389449
-0.0156636744429545
0.09816395819452688
0.06375215920130017
0.01374311075562585
0.05765141952434755
-0.07865292078462446
-0.08315778836846946
-0.120253347937182
0.1212893900783179
-0.137625661700546
-0.02316206969951026
0.1189163714409912
0.1213914430818091
-0.006928408386642724
0.1270462536596048
0.09341103426493816
0.1286404520457867
0.04478406770160775
0.08165970713928833
0.07378546184624596
0.02494919190548102
-0.07051603708594943
0.1078283711793946
0.1250064177333897
0.05722705263573315
-0.09001361463812932
0.04716129405847636
0.05860453293437467
0.1204768132173831
0.08110676721449915
-0.107060059233701
0.06864176256564385
-0.005137049795745765
0.05668415472397091
-0.02371100942351572
0.06620686249476009
0.1235297219167437
0.006036692557301178
0.03749688205289176
0.1359009588931571
0.1328735257185965
0.006413879193578736
0.1072916751326322
-0.02405148038020948
-0.01653957919388208
0.05070207529515047
-0.04541282195931703
-0.1217567725226831
-0.01763713981168821
-0.1216274916574592
0.05319339808109489
0.0618463473410421
0.1362030933556664
0.02819717032960001
-0.0309264079471305
-0.1038120470643793
0.1340292275632413
-0.1337628090192158
0.104789326959393
0.1045067969956074
0.09734701876411643
0.1477290268220562
0.02314667991610684
-0.05779407944939673
0.05441689023651214
0.1494361357319199
-0.1415853436321848
0.02794270800359573
0.005473264869639374
0.04591107611371629
0.01384325158030953
-0.01165248996081122
-0.09767631333909446
-0.02886381427736054
0.1142933315247326
0.0357827694795416
-0.1281588423891446
-0.08111316842251881
0.06403226987091427
0.00420434477775493
-0.05274228572366626
-0.03278140516459678
-0.08395309500611396
-0.0665380065869777
0.1454174367153654
0.03512213348562922
-0.02035686006817545
0.129445039814936
0.05136024820448554
-0.06556765426513436
0.08395146679765071
-0.00129444990028422
-0.06783494268859819
-0.04289960415956518
0.09091290337275609
0.1365811738956356
-0.04346325581834438
0.09932508419601092
0.01452290472670462
0.112009457488804
-0.004764174754983379
-0.1216371093661854
-0.04964370831604515
0.04756310886463013
-0.0004963697427518437
-0.08534340358572491
-0.06666038698858937
0.02133724026183253
-0.01646964915142089
0.1473650642862974
-0.1244650568449004
0.08078671495688913
-0.03540849358634802
-0.05841024816119926
-0.1357535108518981
-0.03999464138266624
0.1267071904776508
-0.006109395218446535
-0.06054698222075864
0.02806603028180599
0.07832046069970058
-0.1265943529661279
-0.1232272722468881
-0.1395124929111316
-0.01949032688442589
0.117686766286223
0.1470629028200777
0.08704276523299889
0.0670113617431148
0.01158824206133231
0.0490553139688563
-0.08774679015915336
0.03996046861642083
0.1494253088839322
0.1098177618529733
-0.1105352680809281
-0.08593574699163246
-0.1068477003855696
0.06080996636272702
0.0476054922010857
-0.1094696207880118
0.08633580829597863
-0.0216158807286174
0.005118106077652035
-0.1220756880190375
-0.007370204717368165
0.1151131182782313
-0.1453678636699242
0.1365254128798477
-0.09542677461334599
0.032703579981408
0.06485480327890612
-0.07202620973932473
0.05947674303584902
0.07533009694315845
0.05848308829276701
0.02716950027319631
0.07239253518524931
-0.004461461302435284
-0.05582755308473626
-0.06600910727077212
-0.105405168185678
0.006421389327948481
0.1239585017248134
-0.1060017489422553
-0.03376545276768146
-0.1365882037135061
-0.04193304484492203
0.009394539880989407
0.07420919811874853
-0.1443319127594758
0.049918865631503
0.01054569181919653
-0.0159495630277675
-0.09496909055890529
0.03847667853048032
0.1266940342877337
-0.1298456562119164
0.04311147094000325
0.1132119436532754
-0.075270907451654
-0.07418624560364308
0.02804967121146092
0.00270239193927122
0.1352857054267143
-0.04661253226473462
-0.08880319701975842
0.01243970665688783
-0.124213263866581
0.0567166093609603
0.1066174144151662
-0.04022087637842251
0.1012979470628701
-0.03696262126881686
-0.06627760259294863
0.1453006096042712
0.07926898199103194
-0.05286805415664172
-0.04664090049507352
-0.06134284662915287
-0.1286583419236354
-0.04097310865126608
0.1385762721462689
0.03188588988636937
0.09307714793188039
-0.1063916508556167
-0.07964151070029507
0.06976039085256115
-0.08624163578913928
0.1134656669295327
0.03296733804819642
-0.01152137776843223
-0.1107275817851822
-0.08898266555397813
0.1411777768273565
-0.1254459536806717
0.01439853522616718
-0.09763640891928045
0.03699513147758648
0.04018051068140289
0.1090790845635928
-0.006391009395415291
0.149953272089208
0.06037762701654927
0.1066438331634928
-0.06632578124775147
0.05567597644863359
0.03591353483589205
0.0308063395647618
-0.1409629055155958
0.1245713190106475
0.0521516126710731
-0.03193716586106723
0.1131489602211636
-0.065967252004922
-0.08886124097067219
-0.1432435742173178
0.004390637607813049
0.1308972971380175
-0.07948772507178158
-0.03214685185785295
0.01386171957152212
0.05898870631329108
0.007122674526393142
0.07487847111025031
0.05016765004711325
0.03167882895567604
-0.06072109095184271
0.1025346388693491
-0.08132526761107463
0.1294601578478023
0.06161284687721445
0.06228009149548264
0.1294178782589417
-0.0280067312554392
0.01892886388262664
-0.08691356045606456
-0.1223346325350838
-0.09515433685620039
0.09389503647989654
-0.1132964658841443
-0.1205869493162769
-0.003962905555491618
0.00476847748352556
0.1425637284028518
0.08006894288636289
0.06589778912905783
0.1493159178860891
-0.06554254664570322
0.04679790252021388
-0.08017179105390515
0.05230762124908549
-0.08934049784280132
0.1288193561682067
-0.0905646960226901
0.1355407726953174
0.02898701187305551
0.09111330875195706
-0.07518051716032839
-0.01847889769139128
-0.1402109086970569
-0.09571992689293264
-0.1068667384871665
0.07207270602820644
-0.1163080333010281
0.0151232550714635
-0.05900079067283178
-0.05321835805030467
0.04279119173230032
-0.004158623366154998
-0.1093275532183294
0.07949376280510176
0.02525673055477699
0.0367097268081719
-0.06574174341339101
0.01781688683904736
-0.03322256208080299
-0.1498408494950612
0.01713313486336297
0.05123419449042337
0.04695624930682953
0.08696152933767819
-0.04645685708631152
0.1076167739916712
0.06578026509997223
0.01297745153446563
0.09315736626446197
-0.05523209709103916
-0.04590886030155647
-0.1320223530792768
0.07628868560461445
-0.03612014947726207
-0.07774286424222569
0.1194213626990282
-0.1140477143575127
-0.04405075842850654
-0.01545529550195452
-0.02304739473848747
0.05272862510882721
-0.1226651657711087
0.1227941854730221
0.09340104499990168
0.1068286338172833
-0.001950627636141444
-0.01988891757553858
-0.1089130973717724
0.09689190213683196
-0.1087547450284091
0.03300345492001069
-0.001873920248183912
0.08820497779835676
-0.03003962464718935
0.1016682016276032
0.04582163441452054
-0.1142560295662904
-0.03535931689149605
-0.01102748447621705
-0.01948544199827409
0.06873590539946678
0.006954916710702921
-0.09320422424008624
-0.1173831255001947
0.07920698791184154
-0.1237788673588191
-0.08143466114075376
-0.1148375280701614
0.01076386311387939
0.04552001609910859
0.08789142706975681
0.03810024181757649
0.01831150090411775
0.03129050923076774
-0.005072690017232784
-0.133634231963353
-0.1385968845030295
0.03601659121696209
-0.1177709653217729
0.1082876206968549
0.077259130542777
0.06523191300162852
-0.04358823012867242
0.01546056447647924
-0.1148059945611217
-0.09192146387965661
-0.0887185860685019
-0.0790710177731485
0.02272558981561493
0.05025802997173838
0.05144265601371485
-0.05854202267353546
-0.09278582016090522
0.1082383503353633
-0.02592538598741645
0.1364232779141019
0.1344596026268302
0.04264095771739899
-0.1284130857169338
-0.004776256621405681
-0.06184326139529643
0.109478458792047
-0.1166746504968141
0.1064726750038266
-0.009234744394573504
0.02825151821600284
0.1228390238791614
0.002169724274240789
-0.08573357650161223
-0.1449379874781178
-0.03954389443365089
0.1415211444713009
0.0702881894414939
0.06687409090922559
0.00699216206481443
0.1054877274864609
0.1249572718519449
0.06826966167522705
-0.1235822668663206
-0.002322631108620771
-0.03146382782067628
0.07786428709768255
0.08914049046525727
0.02574711917052486
0.03609730513135626
-0.08678824226865586
0.01218083841886013
0.02056572434756332
0.1058501249071007
0.03375756741416264
-0.1342151633251857
-0.1060003191602506
-0.006772343421386239
-0.1008873160849205
-0.1495149559638934
0.1340056253951956
0.07736884468509703
0.1233205470328961
-0.0138319711863982
0.1416272419969762
0.1283881195877987
0.09664482985978196
0.1331597645520346
0.04867300746782606
0.01350319018233422
-0.00985588827800203
0.004157783327299181
-0.0115435361102741
-0.09158122852119209
0.03057419343048127
0.1361323481161034
0.02695448795327106
-0.04155607001146066
0.07527452428808741
-0.09732027064153093
0.1445209820817797
0.1384815234949331
0.0648676104923228
0.01509797519657665
0.09431920026646563
-0.05138194235083823
0.03088550503663961
0.1383462728580424
0.09186068001713657
0.0799763832492386
0.1388013906620146
0.07585737589890997
0.007343611266780253
0.1121296018444965
-0.08796736121283749
-0.00104760353006021
0.0905114399453755
-0.1413359268767505
-0.01788508001802339
-0.01080842944737854
0.02218067373580811
0.122267521199779
0.1433490541321104
-0.1393750071634256
-0.1193126715154335
0.02392581628400227
0.1467707361764872
0.0576351319349391
0.1323604504149498
0.07203423155394294
0.1103113844531272
0.1268875390053881
0.0605280903739418
0.02517387734352317
-0.008021186626979896
0.004847238261208179
0.1237942463610226
-0.1271365990238844
-0.006831245046902029
0.06565542933550746
0.1028482207753553
-0.01801225537353005
-0.008482994737005515
-0.03981693902363544
-0.05587609591163443
0.05354756569960446
0.1091506114794872
-0.115370362777967
0.06220444683158783
-0.05872582198661459
0.02381707221512824
-0.06563323058741923
-0.08646210042243013
0.01715543791620749
-0.05499531405187087
-0.0558079528348284
-0.1089394366723831
-0.05823749947261923
-0.148180003593851
-0.1265717391900996
-0.1362016001203422
0.112117125772717
-0.1496864732767627
0.07430724875823921
-0.01269715907585585
-0.007693168859659027
-0.07084645249279965
-0.03889997963697021
0.01515175015698671
0.07231936770612979
-0.1232592297987279
-0.03200596719229447
-0.09569512176159589
0.01824859647798076
0.07817973523665543
-0.001579325513110847
-0.07821482289698407
0.0373275473479758
0.03304442195551761
0.1339854288003542
0.1285911110984406
-0.09315010962075079
-0.08164445538968688
-0.1078838178341497
0.07400389756128814
0.01335484932845365
-0.01368733790064951
0.115070484556081
0.1051131535271986
-0.01187361891902466
0.1384976676500545
0.1189066394117175
-0.04974833076396026
0.138811884831657
0.04320909303336225
0.08754704064501868
-0.01889530838179975
0.1223527923595548
-0.1013654175782452
0.1462590631608517
0.04466923269046561
-0.07462974383244503
-0.03574814648136496
0.09897540974077994
0.09362025536980732
-0.1075662691302621
-0.05260161493476524
-0.1345923991967086
0.0797583755832733
0.1304397971913904
0.1493901394707546
0.05834691497985754
-0.1127109907195728
-0.08224312817831966
0.1004691455556906
0.1112976281340725
0.08110787198119575
-0.06321766221105435
0.07637080420746363
0.03621503209137422
0.07490277458134864
0.06486928115921473
0.005129895446532045
-0.1248397962495674
0.05366654243273653
-0.1016712480155885
0.1127121955328756
-0.115217314208158
-0.1293179471088346
-0.1386655181632362
-0.1189676730891211
0.0653510214204098
-0.0632920544066002
-0.004711918278497911
0.0143294663166396
-0.1196816674493889
0.03772133268148715
0.1117296906370103
-0.1042687039207705
-0.03252388046280559
0.09216705642820752
-0.104870669941956
-0.1241692546629876
0.1294617351393399
-0.03711858306168209
0.1262928881030085
0.09076032384136484
-0.1060119574271853
-0.0869262887552551
0.01712730098361872
0.08020552124051825
0.1379824940444236
-0.0680075777475887
-0.0646726723384306
-0.1368615269050324
0.1356665249731775
-0.01634144470336789
0.125842821865535
-0.1295553434728359
0.004340592292223422
0.1371811371312825
-0.09851741834154371
-0.08030619321085967
-0.07611226968823924
0.04677232644736774
0.08402496766299349
-0.04578274237546994
-0.06550952142464295
0.0457514382287936
-4.965541028805615e-05
0.05196752272141864
-0.01208013453988625
0.04507838652879825
0.07779439891249754
-0.03261719914339183
-0.1420411718439142
0.05408864935564572
-0.09185898786916204
-0.09805410214121564
0.1171630997361524
0.07526841969494065
0.1321505356370426
0.1051451326063747
-0.1427392119746051
-0.08252227968190855
0.1182855125519251
0.1429282248093619
0.05113437511548437
0.09412892360867856
-0.1366257761472391
-0.09452602066738452
0.08130940340487604
-0.08514406464467672
-0.1448009127018178
0.1116264154050426
-0.09080825780929241
-0.04058650806265765
-0.1038831434588517
0.1049440497467477
0.1093664011391001
0.09808055227081536
-0.05713632966109815
0.00444542760698011
0.02587851380520795
0.06024699296462326
0.01239533971617285
-0.07002918840869027
0.1183883696689306
0.0643481940862551
-0.1028647819542292
0.04365386443146359
0.04649719495861748
-0.1477233601232838
0.05091519733620111
0.1139729216701191
0.1205615679589793
0.04383916828827993
0.01510943035214821
0.06469139634605425
0.05721774663037371
0.07058535967858132
-0.004004595979951354
0.1220736192079243
-0.1042459737240466
0.001198457257366566
0.08370371192995786
-0.04505454653700187
0.1106147996362054
0.1298164686422594
-0.0901121050922002
0.0699798485998146
0.07790508136902645
0.002751013651937418
-0.07557638633079677
-0.0462178880798686
-0.08700246770564989
0.08682208315673162
0.03375131031688115
-0.118618957781756
0.001176769227604306
0.08088293631774013
0.07503779899661447
-0.1023230086485477
0.08316006461845277
-0.02404555638670517
-0.138345920344659
0.05372384588509527
-0.130203127173834
0.02677031439988653
-0.03158745604501589
0.07701474926784307
-0.05264428316657593
0.1144048579332962
0.04909192042262062
-0.006892657571319583
-0.03438585498402596
-0.01720815981661999
0.09805266747488672
-0.07377437369099757
-0.03739469460671396
-0.1420636554893811
0.1462022428715919
-0.1094891296731701
0.0106903586009956
-0.07936856128168543
-0.00570456802217947
0.07368436420115339
-0.1425444438631301
-0.121953233638305
0.1050706760381682
0.008641116144637272
0.108929020099464
0.03010056570789842
0.05631794732875901
0.04208883380944618
-0.1439303418679387
0.06797271362036042
-0.0541856705616616
-0.1241379306643477
-0.0552748029947775
0.06421182032929762
0.1028754773383448
0.04208561517903969
0.02862937519589939
0.001971682238564222
-0.1148115286076596
0.1442403434092616
0.1347605312184785
0.1332344742037288
-0.0795359009449049
-0.05263099750975911
0.1411757278877569
-0.08332831139475397
-0.01210716601891915
0.001872111361224734
-0.01269535082117184
0.1321897662651509
-0.07444694383006255
-0.005228452895603178
-0.1397723696055213
-0.1193710425540425
-0.146589459501144
0.1191385181018691
0.06074842738763982
0.05971695766457574
0.01123945940427905
0.06680729553665306
-0.02234510429469599
0.1070514132285137
0.09267837562229428
0.07242082337164217
0.02126621347249935
0.04553138301607913
-0.03550711578798278
-0.1001084159165259
-0.1024814046765469
-0.0003295024142376211
-0.1058687856575385
-0.1177194842923964
-0.01707503410330276
-0.03540746390178403
-0.02035133978460879
-0.02590055265187939
0.03127357848424257
0.1175388685917892
0.1259519648920132
-0.1314238546798228
0.09970509877957444
-0.0984773211957662
0.01335284517711217
0.1099250275014242
-0.06783862474569401
0.01674642953222699
0.07908246628322096
0.1428953862022467
-0.07355656100821481
-0.05966134793367684
0.05970540665274619
0.05413818211627042
-0.1026264434493793
0.002376678294529017
-0.02344523764524393
0.0686379077645789
-0.1020687060562362
0.09104859271198948
0.1185314355230171
-0.05453458076899093
-0.05925306025129237
-0.1373130170091084
-0.0222596777395475
0.07365340152343391
-0.02269529645005165
0.107397117719411
-0.1022261482016669
-0.1414064413757082
0.07494096967319137
-0.1262365700011367
-0.1228185109575579
0.02465011349335012
-0.07472829204450698
0.04051308488634062
-0.01539546231301434
0.007444113431943872
-0.09272220040590153
-0.08630821623224726
0.0003520356057724857
-0.01626337711308865
0.004014070223104797
-0.08993509572581912
-0.112117974462946
0.05140784197221347
0.06244984092956012
0.01443652737956471
-0.02993752464587222
0.1103907130556564
-0.04450634029295927
-0.06138791497260266
-0.09414640759687326
0.04623474044505382
-0.04869005126306403
0.03360366568618843
-0.03009439882293615
0.07861902704325745
-0.008990492747746145
0.01767635164483971
0.08720496407565924
-0.08404345413538346
0.04142595073440658
0.1143880710026926
0.09061717068911082
0.1167119012846064
0.004914827183082223
-0.07478201819887002
-0.02584314028068142
0.06219280923875555
-0.01108661030549558
0.1245081036938104
-0.104070174035246
0.1429382230468907
-0.1154286155781478
-0.06619376559614257
0.04434868311488602
0.09702150885183698
0.09824593718222513
-0.1355867298202487
0.05741302907019662
-0.09626764003159158
-0.04697822496983718
0.1132676316174997
0.09997437939430415
0.05433486291087868
-0.003132337594114768
-0.08012878373632237
-0.0170510752558452
0.137879190433871
0.08754863087260242
-0.07984103037121158
-0.09616339368629186
-0.02101883138584962
-0.1154482738278411
0.1444548979837195
-0.05430753956425384
0.03946697765266503
-0.08032559712808506
0.06984716734382804
-0.04834464438305038
0.05858856962218458
0.04434776408945052
-0.002411493107241339
0.05152943207323382
0.07892338055864472
0.08139319105309589
-0.05413554752705847
0.02593866803610946
0.02963417630962648
-0.03971838413604019
-0.06665130954816463
0.08336679522098739
0.06330293380380994
-0.1033793395142981
0.03334711172953305
-0.03236332111236278
0.04348965494579517
0.1032216751276925
0.1005931334260411
0.03137681568655361
0.04077413586578212
-0.1292451478020688
0.08521566047549085
-0.1302451931828822
-0.09469536100535396
0.0796716608917985
-0.03455610915341096
0.09477109863216938
0.1493447473581268
-0.114710963391452
-0.1035705862099088
0.05793059770347266
0.07964036553420169
0.04401380032776101
-0.04054406095178217
0.008561838521684744
-0.02459098860549573
0.05533018794552622
-0.11549685302621
-0.1449510922125662
-0.1343854682236655
-0.03214051901039638
0.08842609811661932
0.0789210400575739
0.0144819707929845
-0.02822593649766683
-0.1034383513500507
-0.09202368686878912
-0.07500334397082051
0.1471544048031693
0.08935295093774467
0.1157714571393043
-0.1320902194678165
0.02456801928432582
0.1355265515474226
-0.07678527423496603
-0.0457623134654833
-0.04902960902753148
-0.1320147481064509
-0.04641861438347496
-0.01374128990049533
-0.08558717300509491
-0.138488216941928
-0.08410267829604007
0.1084264697459602
-0.02903204366837273
0.07445751579611101
-0.1237000845303981
0.1089572868202006
-0.06111376773914926
-0.1080887603674703
-0.07317986457299189
-0.122686815493151
0.12083053507728
0.09130797427259602
-0.0009142498002607617
-0.1326077975194512
0.1492780248264415
0.07407921046361896
-0.135447875797304
0.08863015021020429
0.03984874350684868
-0.1175402777875255
-0.03679985546998851
0.02538044396346316
-0.04432649163622285
0.06743676979498264
0.1263490844564815
-0.02634091366380801
-0.1289825391019813
-0.03739365460581554
0.03807194767612702
-0.1174685828548716
0.02850473337655878
-0.003501080291572994
0.003496306864791624
-0.04703835071708221
0.08033518486112047
0.0297966561727412
-0.08807581441654984
-0.1307832638348082
0.07171037463809235
-0.01125678658463678
-0.1034710100049002
0.042542064250643
-0.06995635610114818
0.04561213024773859
0.05993927520304468
-0.07067312296742125
-0.03030687394477252
0.07448766768814419
-0.1320462966650019
-0.1404561970194613
0.1069470089704997
-0.01884613836700855
0.03492225573577691
-0.08738002156973677
-0.1014094676180753
0.01127310922563558
0.0362807052941272
-0.08039138858940836
0.1238780972755741
-0.0756459500090092
-0.04786157383592055
0.00238346024812919
0.07085024841073981
0.1056360334399531
0.1053463489706305
0.001186931493186567
-0.01456889981250611
-0.132730516921184
0.02040178580606699
-0.09285884200136643
0.006013612339458319
0.06693299185765073
0.09968675541676089
0.08606013887612719
-0.03745992715480061
0.009620241725653381
-0.1346185389829232
0.08223397434158507
-0.06589205361912225
-0.1166595111130595
0.09178522930434169
-0.1089434622567614
0.01449336233427084
-0.02329323736391171
-0.04632417129889109
0.06307886327823373
0.137967720789849
0.1399508761678372
0.13268627030812
0.1118567522701773
-0.08568276354527526
-0.06516920563084085
-0.03576111800086343
0.1351642948450658
-0.1095409413551411
-0.08042122858599386
-0.01365540586116185
0.02589039260539077
-0.0631538971514649
-0.1432456103776444
0.08303928635942733
0.09286607398004378
0.0736839927727653
0.03272105010538202
0.02892393781177701
-0.1137720013585161
-0.1076561235700427
0.04429236242493802
0.1184692372672009
-0.0235487767723446
0.0776501653436406
0.06024246858713297
0.01750176997974814
-0.05786067541972479
-0.1130556753588896
0.1211976904687537
-0.1447820579960845
-0.1250842596295601
0.1111506701910642
0.1378930421475421
0.1367692964296632
-0.124539266037659
-0.07727920202810998
-0.04899415867628992
-0.1393787374162383
-0.03681200004723648
0.02060098277306487
-0.003022465802199204
0.1390824507079645
0.1074482557422474
0.00372201113238812
0.07213098146427517
0.05031332049645583
-0.07258663918756232
-0.04515662476790534
-0.07076186664523769
-0.03635905705100736
-0.002813096779350009
0.1235453673417972
-0.06789611110126666
0.1236396233177638
0.05119162356798846
0.142339172757945
-0.008849759717397116
0.1433251125178134
-0.1207167027953127
-0.03766569013445896
0.1485251761681361
-0.09579509842852015
-0.07651825651689508
0.1364231972010767
-0.1090266416926836
-0.05106311351905415
-0.09084890341080359
-0.008019093472926475
-0.04044403105752938
0.02235165644157993
-0.13742650151177
0.1065298121671369
0.0114246668231916
0.1200191420442184
-0.03973791191877874
-0.06646353003380764
0.02033609432876898
0.03766635467515187
0.03838704509654874
0.09957600691384201
-0.1487124192446922
-0.1144279736651517
0.07311361045521848
-0.0666160407956418
-0.1408009050828541
-0.0257074114574837
-0.07427176562024544
0.0003486182231321221
-0.03238636959357967
-0.04499091536921056
0.1126789669842871
-0.03385768142905746
0.009210638805569464
-0.1138395596225219
-0.04743097040990899
0.05018331202309782
-0.01490191183214606
0.01172154644327965
-0.1078355629883736
0.09465444016617433
-0.1159396684721758
-0.09526048944798837
0.05118716826691623
0.04548320075348163
-0.1252396531737433
-0.1385622729801416
0.1290271631990619
0.04509668800908017
0.04909947535297775
0.01740989327761998
-0.005334004612920962
0.05039640165841983
0.05297638020955753
-0.08221877427856174
0.1337843030920227
0.0621809295132833
0.04208129106863794
-0.09048723189447935
-0.0874717795099797
-0.1403013341026208
0.01452261197195665
-0.1247902261043418
-0.02416007557128
-0.1262696770339449
-0.08862834743386615
0.0784088276284492
0.07391577107913298
0.04646777103223595
-0.05986810844550155
0.1160814641588014
-0.008876712890589432
-0.02580730998518661
-0.1291797212562069
-0.1076906480039502
-0.1303215393272278
-0.1044156921666075
-0.09624710107663127
0.1487076971765784
0.09068024079286285
0.1028485457141472
0.01611743379727357
-0.06465342064383155
0.003244467005119581
-0.08090303433786118
0.003129388400541085
-0.01297019968730734
0.1312775699282848
-0.1047920009450877
0.04654252071639154
-0.1061978398657758
-0.09509766149594952
-0.08893873711891857
-0.08098803792329058
0.03074831099910688
-0.0651995678364061
-0.01961629649831853
-0.04084387345387747
-0.141286972271474
-0.1231513177137763
0.04928557487801063
0.1247949205790269
0.01797147791621982
-0.1265232197029784
0.1456116832173422
0.06028435356559225
-0.1068453993955538
-0.1088059266184902
0.1140334189458374
-0.1081409391396883
0.1318717362294382
0.06688073753146691
0.05797343759795158
-0.08278111157336862
-0.07987348363132846
0.1270640127448477
0.07034268520797117
0.05715502510866184
0.1083414144708041
0.1155526763270671
-0.04630281951383614
-0.1478609395699715
-0.1295418413163952
0.01476326369575484
-0.07884815492793301
0.05120354403729977
0.09956025679698596
0.0515320387365233
-0.1396419679441604
0.1082737238134897
0.07838402624222161
0.05964187895105914
0.08306680035838881
-0.05364121765476176
0.08312068876559656
0.07868174958188591
-0.1433571711617322
0.1262757073183105
0.1198775073449485
0.1206761565248669
-0.1318656901444835
0.1017503118383467
0.03755829845907087
0.07610819849664502
-0.131032005713221
0.1076847322121344
0.05317390952869699
0.08931266579958572
0.01483984763395346
0.01151217483210452
0.05486564633022713
0.1185367245648478
0.01365211930479419
0.0753239660077183
-0.01670073463377938
0.08480381679175608
-0.02347275050870724
-0.06714066668280431
