0.07523180955126049
0.09454901622759189
0.05970993965174002
-0.01709891812181463
0.06907668227284744
-0.1048946228026227
0.01425546909632565
-0.07702416217742103
-0.06674711225659462
0.117598727209692
-0.06644789625481864
0.08758866862225471
-0.1390479930290272
-0.03162415279107676
-0.07458118500169339
-0.07425281129748167
-0.0332533348472576
-0.06806207912902722
-0.1037265479146911
-0.04002123817325725
-0.0004776105632397394
0.08204416596492137
0.06720837662844813
0.0388894932533204
-0.0983185092079437
