0.008602783804842123
0.02057682279219405
0.01383391681668336
-0.006315742841693429
-0.009016036551962283
-0.01144594503229702
-0.104042723785607
-0.07728896417996495
-0.1448537605695308
-0.08262716922311132
-0.03004001247743116
-0.1405192969052548
0.09628135830434788
-0.1360003899820922
0.003996768588529242
-0.1364839268100662
-0.08675873978226666
-0.09851630644278997
-0.05757550830557643
-0.09665218277211628
0.002186595402343759
0.08920902483673195
-0.04352784230186268
0.03492693424185656
0.0005490624699829406
-0.03775826911609338
0.1356774722278226
-0.1317457788269636
-0.04178239426275838
0.136892684027045
-0.003998561824276296
0.1168352073270695
0.00744647161095469
-0.1401366023093767
-0.03946951934361322
0.1484373126910365
-0.001529207550675944
0.006604929191490358
-0.07877264581370666
0.003543992853259974
0.07390603777129577
0.04108307336696582
0.0129744491519469
0.02012338756455987
0.05513561507190476
-0.132890139853147
0.03377007234524025
0.118188945279477
-0.08126159099641229
0.1261268814872541
-0.1283982718813292
0.07077294907173917
0.06512177946714723
-0.02195144731983246
-0.044073328069579
-0.08402911079751396
0.09050208543026238
-0.05845696915211844
-0.06581220904283272
-0.1014382122535305
-0.07157712860093286
0.08010553836022574
-0.1344196608486193
0.08572540036588891
0.09004948006118381
-0.02380230703404022
0.08416898434737898
-0.06163754768307416
0.1325484139489031
-0.1445715918241729
0.09213878567421839
0.0565752190720629
0.04629871432743825
-0.0448698763610673
-0.07349351003920342
-0.04851322129133012
-0.02758893847525457
0.1105300821824345
-0.08001292994954562
0.04107460971247826
0.08646717690126692
-0.058335193110786
-0.03804649947850142
0.001853991912017511
0.06983079828154633
0.06781147771012937
0.06778373238958721
0.01031611037003976
-0.1406296233346717
-0.1479934750425324
0.05913496440193135
-0.06207946912226227
0.08214904945550133
0.07457384369516742
-0.1263379580681437
0.02233748099955805
-0.09918825161935406
0.1077728832972302
0.110856883545069
-0.1166000571360651
0.1134405179594072
0.05298249541715691
0.09006748399544387
0.009885903519897293
-0.1418814877328844
-0.1333616108278041
0.1113950549806714
-0.01917899886926964
0.1271354344777085
-0.1185064873698925
-0.1282264809959806
0.06364971728623271
-0.0267623005916508
-0.01617765790887864
-0.0844675839518669
-0.1069227430504997
-0.09839022680139803
0.1333962930865882
0.05335197868383595
-0.08905796504718715
0.1353968728562202
-0.03754297478623335
-0.001263035923410985
0.06766706431422084
-0.1128774763195864
0.02239022827778331
-0.05984880809407052
-0.06193951129227993
-0.01963777128827686
-0.09904057490371437
-0.02862860182282593
-0.05613819630034402
0.104218274243875
-0.08845439730259717
0.1039163400250476
-0.07162330532839482
0.06541125117637644
-0.05659032823382892
-0.09441940404580972
0.09694964834571111
-0.03479889916043826
0.1193359292761787
-0.07984434621280501
0.09900559117964203
-0.1151039161038302
-0.03677733922507079
-0.1494028835627484
-0.1316879154681312
-0.1334164636334645
-0.0883496142048317
-0.1462546332195755
-0.02097457478193423
0.06023910282179693
0.07136929844341788
0.01605048340299458
-0.0672826333434224
-0.1386225436748721
0.1041994278739812
0.06315827926293034
-0.08735334277543827
-0.07426447839256191
-0.1429583879536538
-0.1332024690585381
-0.01272133388261168
0.1110656616380285
0.1294632697832705
0.06561569674132654
0.0263103388190886
-0.07726902925405071
0.1210816509174902
-0.02692650138916696
0.03760736346565575
0.09028455989829919
0.04317541091157898
-0.0131888155042461
0.1249661001391745
-0.1435010947754249
-0.01265429908852917
0.143465539540304
-0.1273147015549461
0.04807402884853972
0.1465437574119041
0.0007510883068611793
-0.04166559321729783
0.06797565172749197
-0.132768172527898
0.04086495213008388
0.07977963246881557
0.1214281562812859
-0.04533382753150871
0.1426072799040048
-0.102751099816026
-0.03867949795106276
-0.1410932859439913
0.0343424064286325
-0.07764744062778858
0.1384899094541826
-0.05000038011611371
0.09839493818066947
-0.08910793894201571
-0.07905578422194592
-0.07852894397449263
0.09845831441088267
-0.13908125818548
0.1141108574830507
-0.06429376355142599
0.1367027956923707
0.1204595451826033
0.07232432779110266
0.1296610145985854
0.1437084387678064
-0.02854213722115622
0.1271727308351235
-0.004323593601022796
0.08088273849321152
0.04600594190457618
0.01514276500352279
-0.02577564859492358
-0.0221309911234938
-0.01267121750892663
0.07931819480863686
-0.02927085191555964
0.0351096523347512
-0.108651906894528
-0.0196809722109317
-0.08064212139874014
-0.03647332374817752
-0.03173258656374837
0.01966162502637087
-0.08796675401394315
0.03034866306839687
0.09137724136481042
-0.01487133183803237
-0.01981231274322198
0.1029390825035184
-0.05025439212098988
0.06553333983077209
0.09058698172969283
-0.07866849801788835
-0.01027292876181862
0.0716519112251793
-0.08314941423691929
0.1129835393023691
0.05073070259203339
0.06400802725655387
0.04511616671052046
-0.05164012694648569
-0.07111498502325823
-0.1305150453902087
0.0764189460425522
0.06642993315886787
0.09878593185202328
-0.1022909441896316
-0.0476045066426934
0.1409747268067689
0.02802334081999509
0.02241370219874914
-0.04476442648390962
0.1472839249669105
-0.1070328614219642
0.01845157085621447
0.02730994445389515
0.1341224057740109
-0.1468150263957763
-0.1422430284297085
0.08826739744026456
-0.04612113605737175
0.07494371785677223
0.03060180583707863
0.02707777114172154
-0.04606430700746621
0.09524292810338852
-0.1198120060591178
-0.1444707300364103
0.01006017074565755
0.0762697843442243
-0.04534460334885122
0.09001071405016738
0.0965974734926109
-0.1183533836563612
0.00728045658192843
0.04625043986485751
-0.07064164858384182
0.1096876994064987
0.03726850502002254
0.1073971663800528
-0.01788121645913692
0.1424800358823684
0.1046907331654541
0.02511136712915085
0.01089444989245282
-0.0171362940451978
0.01018299585446887
0.01470904624332218
-0.008533216310243714
-0.05052022063662266
0.1193444732142332
-0.08301859726573171
0.1305080231316363
-0.003209687488987759
-0.01665773095115164
-0.06555548820667584
-0.05796734023133996
0.01353371923870234
-0.06002945814935155
0.1020896032312744
-0.06020675621030605
0.04466913574256862
0.0421098690506307
-0.1136037629258819
0.07628999653213242
-0.1005751054373034
0.08270261818264968
-0.1443566151856131
-0.1408632165724186
-0.03008575100842925
0.1131302640319399
-0.0087904478182001
-0.03758163252115585
0.06782655894951393
-0.1337430085151004
0.1233705697507403
-0.09941880253275297
0.02644486168517914
-0.011973376359372
0.04201627218942719
0.1259686512508248
-0.04257890078754576
0.108988764661968
0.1064931312265857
0.1041284844867606
-0.05764289924491366
-0.1091076121555223
-0.1038096923345937
0.1058944115559371
-0.01909475551661178
0.1483428748613318
-0.1043100965886236
-0.1244768912065139
0.0403903593010293
-0.06793451641077544
0.1017786644032792
0.08989717983206137
-0.1352476348844371
0.1074421014432481
0.09889437927139977
-0.01533743787783461
0.07041560704581841
-0.05998404432498823
0.09700467223096852
-0.01180763200580014
-0.043761596779228
0.07023149741409415
0.03864055498905505
0.1326588699513389
-0.09178006253868225
-0.06935745389061837
0.1085677010745591
0.01556501990035321
-0.1103892544743169
0.06501609053623224
-0.03019567702901109
-0.01802660051740272
0.1059031074623217
0.01597262420684745
-0.06225748659310476
-0.06325206349055863
0.01413438453620132
-0.0166140274297785
-0.0377846232070321
-0.09549862839793005
0.0654065047820767
-0.08607912030298666
0.144299804497737
0.07997285278415951
-0.1286888400330702
0.09304495554325924
-0.08547731680110481
0.09163999841016925
-0.1170120900267926
-0.1385442278247828
-0.0702365774288876
-0.01074046042153507
0.08174239203540562
0.1183721741415945
-0.02807083623845405
0.1400053513363234
-0.1010098243107793
-0.06953940397185494
0.00547500787567266
-0.06139741542429954
0.1454446023536835
0.1251714440309891
0.07052039932357679
0.101282037868817
-0.008980004114208814
-0.141641823896828
-0.1119760809414782
-0.1448537413598163
-0.008303079359787094
0.0001648869692036491
-0.09041417631178288
-0.09303626767888895
0.0639689222918584
-0.09619895894128475
0.08518905385798652
0.1467732479727468
-0.09858199536549911
0.02680278095915336
-0.1202373362077599
-0.08711092445425261
0.1064993625612127
0.01898526620661025
0.1445565418968895
0.07475526746746444
0.1408463988700685
0.1345423848138188
0.1238982444882678
-0.07879055277633792
-0.01012560244511199
-0.0875646978463409
-0.08317461591795211
-0.03491175313105187
0.1330191997448123
-0.1319150775190968
0.1062300081997255
0.1412058718251658
-0.09389272582187938
0.1112771218738568
-0.01726416823518338
0.05590809001232649
-0.1292785616609286
0.03959270308720281
-0.03005482749297838
-0.07541367488733668
0.02652341003765452
-0.09485848439809015
-0.07877286867856798
0.07807579670500088
0.0820311971713573
-0.04874019466824465
0.1410991248133067
0.03885199554333536
0.1203696113860542
0.1359925794271942
-0.03653133309070612
0.1115048908280447
0.1204514318267711
-0.06254648525048422
-0.1176542280750369
-0.03902479420886312
0.0009632499031233242
-0.05003547730123663
0.07625106904003262
-0.01629142398482005
-0.03201277606359289
0.03225662050313462
-0.02502300501975356
0.02437972862788242
-0.006710752161197436
0.1072546386448567
-0.0700694162108583
0.01402913796383337
-0.003151782434739912
0.04973025789058919
0.08882898459684584
-0.1260790466354697
0.1050600091236012
-0.1397693305821034
0.1022811147568077
0.03774984043795223
-0.03819499182542917
0.09295047713211184
-0.07410660107777729
-0.06793994687703284
0.07900711257115049
0.04039335792922557
-0.1065333789438795
0.04908721309149496
0.1275107643419013
-0.07394000391079061
-0.1405738339171163
-0.02279914640366494
0.02517792889760416
0.08460032750879418
0.1102657324439464
0.140505566838489
-0.03589107590956674
-0.06785927720786376
0.01373452780439384
0.1066654612314454
-0.1111709888563757
0.09307231749287762
-0.02990423873216362
0.03523118417740646
-0.006900939074328261
-0.09091910197477272
0.05923788142619268
-0.05225071245234726
-0.08172387917998591
0.009912858819109293
0.1347774639066325
0.02890592942629702
-0.04783761384507518
-0.08955596283021486
0.1109881651017205
-0.1194721271008802
0.09897581448381422
-0.1477440267876833
0.07790285492162455
0.07516516559560463
-0.07367965203583407
0.08668777294057124
-0.1000550454418485
0.09905775164020525
0.01775019832328119
-0.1414754019947976
0.0890861614192474
0.1318004327944307
-0.05967832452459142
-0.04689261331488371
0.08896459376960575
-0.02152318077648568
-0.1044848080953801
-0.09188803774873802
-0.1362740983978216
0.03798793765248979
-0.03380696027535949
0.07200080365212405
0.1351256972005173
0.03367394008051671
-0.06742932653666379
0.1201310449644069
-0.08697619217219084
0.03365583763507689
-0.1209716266721161
-0.128226412519411
0.06330462093093696
0.1269241901938579
-0.1277623303024532
0.04932192072047926
-0.05347901675200856
-0.07689813277998246
0.09854033433746733
-0.1052961682236914
0.09031181885262493
0.1060224034533703
0.1334034896034433
0.07159496569328341
-0.1042484408040808
-0.064103140042418
0.009602475366011455
0.02416761046045257
-0.01861792460579166
0.06767715433421613
0.03790261124702966
-0.1306564419083355
-0.116068472201938
-0.04025104750949631
-0.1455219653465484
0.06759401463992887
0.04122370478571259
0.123280910923541
0.1295271018061844
-0.07590762554393934
-0.1486267142915354
-0.149592821359867
0.1361529933778792
0.1270793172532434
-0.1279014453783915
-0.02525130716967741
0.02651375393370942
-0.0314081318088559
0.04785108131530285
-0.02505876564671596
0.01328019348713706
-0.01181019143031487
-0.06873778136744202
-0.003123487496809428
-0.09040612402754977
-0.02360461634200984
0.08250248215296936
0.06910826118006944
-0.1493174879505004
-0.08597606360349365
-0.01319315959302382
0.03899047251623113
-0.06635364210303689
0.02082699197189748
0.1487218517248061
-0.06200157364807948
-0.06128488592927511
0.04011671953318581
-0.08866491683064467
-0.08218381579027832
0.1140437124432169
-0.08757402589497919
-0.08187825237894202
0.1001909222478
-0.1106878330493922
-0.05971311675396801
-0.07545329357364046
0.06617728361037301
0.05914536115847251
0.122194210290659
-0.108895989735127
-0.07734147772395045
-0.03902107376264945
-0.02819934810632889
0.06932279989924893
0.02057399250546064
0.09858342592153814
0.001721990983026408
-0.05985316457934328
0.09951753136261127
0.0658357892735285
0.0766295769673776
-0.01183004166565604
0.1491932865914649
-0.05249254396480952
-0.01321462150863978
-0.06367636468795435
0.03545024775291346
-0.1238456161958234
-0.002643887688309476
0.1032615965275555
0.1399751307808204
0.05974861724163568
-0.1284559605802215
0.08980954528641365
0.0990500421234437
-0.03803096200085733
-0.1355240204211199
0.01518201486736018
-0.1287766003030709
0.13650740305533
0.05593749102998731
-0.0568568664956977
-0.05276501697941997
-0.1220247847522327
-0.1377895162366337
0.1180970612617326
0.1265888324691301
0.01430871900757331
-0.09259565964670376
0.07602447491839151
-0.0703360183576786
0.1342246069313597
-0.08616858002676785
-0.07173867930741237
-0.06896912580837823
0.04985357979550809
0.01416961084353533
0.116512856093188
0.07609185222511067
-0.1383747533978829
0.06984597507054259
0.06586786292087947
0.07134674134169462
0.09104809640399496
0.005681617667293454
0.02057843867836397
-0.09702784866179484
0.02008667431967478
-0.1143299716581346
-0.0761095932133117
0.006704311616185294
0.09196409350217272
0.01735696529217921
0.1042664540398899
0.1196377787719893
0.02917383190177848
0.07184419467167638
0.09570488304695794
-0.1069929967427152
0.02098077665874927
-0.02776461747425635
0.1125419827876379
0.08430649456368536
0.05013032475902583
-0.1066373493963096
-0.01593459967038601
-0.08566214098126029
-0.1404030334195649
-0.09008919769105517
-0.07412800181245276
0.07903250223660736
0.1258471838604937
0.1473185854844398
0.02026782406032258
-0.01853445174160471
0.0179215690147286
0.07314677757196369
-0.1485076423754707
0.05345888910342188
0.1470946713944473
0.008226195409030019
-0.005019314610119428
0.01410753292091719
-0.03738752780707988
-0.03529337984714755
-0.106445428178133
-0.1156984801280646
-0.08990885134653419
-0.06349013110968109
-0.1367217770462159
0.08120123862207168
0.05881264847909554
0.1257878062274733
0.01539809031701293
-0.0411207222522097
-0.1307910408623331
0.149293873371211
0.02296275022502264
-0.1213127013834612
-0.09056583406363222
0.09931080545427874
0.1074786484370602
-0.1147483696697627
0.09622386679283138
-0.02191170978458077
0.0163082780492511
-0.0364790893773769
-0.09825551610470225
0.01836678043890801
-0.1320669203106129
-0.10149157931766
-0.1227609185487241
0.01333394374588599
0.06258645393624121
-0.01071963014986377
0.1274269211883965
0.1059703663071715
0.02347785412978648
-0.11255563608911
-0.1071077915930844
0.03717397854328457
0.1183785069009196
0.1014001898470067
0.0127817992449188
-0.01612172969153432
-0.08973294128164744
0.0318240358694386
-0.01628500567313881
0.08358349169058406
0.06043923688315675
0.04317316948746727
0.03233734229702701
0.01835848655906315
0.07879772458567703
-0.02072744950776768
0.1467288024977266
-0.05469675389092425
0.09309267201787073
-0.1018171088193836
0.1133430025510141
0.11111686921637
-0.05311375484442583
0.1407785882879438
-0.02586798492921607
-0.1402899803133492
-0.01976628399294506
-0.04828189635806347
0.115993284247649
-0.1459689206520842
-0.01121821644872105
-0.1415293699832864
0.04053575706115351
-0.04206411237510996
0.109396121199712
-0.09612011022499588
0.0925586366253288
-0.1288083947463431
0.08630774805018812
-0.07384219189119651
0.104094587383662
-0.003951417967982364
0.1203144386718567
-0.01331302061793393
-0.1342121817592386
0.04848953324510902
0.1163974410555158
-0.1376366093947446
0.1441066399391696
0.05934530932327398
-0.08952125583610761
0.1079586212641954
0.02015732078079471
0.007491444490745872
0.09849695584771627
0.1444441541189642
0.01649889642884326
-0.070892011160079
-0.05360622556757744
-0.01703982179027081
-0.06687988836229279
0.08582823882600167
-0.008331084158157797
0.1241909240412274
-0.105769896585267
-0.04795778431939993
-0.1219780525409979
0.1368487465489256
-0.02719734614177724
0.1137580228989558
-0.08611685519522035
-0.07308366624471986
-0.03899031387561033
-0.1164462514248851
0.06361496049856397
0.08238826160234354
0.02999910119590149
-0.01211883657776213
0.07655061223855664
-0.06059988423400368
0.04827266028082104
0.03463495834441189
0.1099293185974182
-0.09445732307412666
-0.0164945455101788
0.1046110449614585
0.07254609110507067
0.06255962249326813
-0.09906083494549767
-0.09456167375217119
0.1456980320296928
0.1368129068300493
0.04718387802521392
0.1198758852781601
-0.1189368027116041
0.149114417701207
0.1480855604729931
-0.131808990023492
-0.02810479204338655
0.1119086190476597
-0.06817172018635832
0.04882998470029157
-0.07736185592784219
-0.03441492635432401
-0.03726364551306214
0.04833574166149396
-0.102039429499678
0.1427514880331054
-0.1137662338356769
0.1245093087382337
-0.06786035818240353
0.08447069797481961
0.009260387653901444
-0.1078808138171261
0.1401398027124283
0.1426189777545919
0.1466989992302593
0.06256048129115716
0.05532100215438508
-0.1023360676444668
0.1179770019866431
0.05097772605227554
-0.1156413850359758
0.01513934309452234
0.02107607058144998
-0.08430242687449555
0.01428143424585335
0.01902105340815832
-0.06634252738723774
0.1365675795758673
-0.01914404919884872
0.01560935756277131
0.03514093767293416
0.05347215382008161
0.1311803610531762
0.1479494307670595
-0.04825825382608809
-0.1208879505958984
0.140886984462173
-0.01191189201720255
-0.1464115843367607
-0.07748386420329036
-0.07749107108835332
0.01280428647299142
-0.03514482344786159
-0.08744189017582671
0.005559210920511844
-0.03858186881135614
0.1254007738542528
-0.08920050883087542
0.009111111501093807
0.0932824338478133
0.111902997657514
0.04334188220186647
-0.04156176242286391
-0.01744980210260044
0.1089661820360091
0.1228478394546049
-0.1486587480325419
-0.1073581826931088
0.1091335300412973
-0.017797105726203
0.05818117921829875
-0.005762336027404451
-0.1143868578473487
0.03933100312788866
-0.008051146258691298
-0.01260537765451002
0.06836901825525353
-0.01704348817160492
0.1255955696630174
0.07201587370275497
0.05550388769961419
-0.101917374990141
-0.06508554273642472
-0.1297103654317885
-0.03941719713773383
0.09010103861733487
-0.01835423322502152
-0.06395466092041853
-0.1490487321939683
0.140827177921106
-0.1209331608811396
0.1125800591068348
0.03446246249978513
-0.01261522681583463
-0.05488731916175198
-0.006674566046409318
-0.03963930754740772
-0.05345900809311025
0.0359064908159458
-0.08051015338254908
0.07851649682536038
-0.05599664004768385
0.06370093942093319
0.1141308445254448
0.133315660029919
-0.09430172983206232
-0.04848356334874109
0.05173685761055597
0.03838505347461394
-0.07284260651775037
-0.02629268423932373
-0.05607128470720716
-0.02513505456787461
0.05866768617998362
-0.03599555178401124
0.08532819721189852
-0.001019649187547463
0.09568728260298837
-0.0003711268028589129
0.08654417040191024
-0.09983504136182245
-0.03786596455741176
-0.02923080465150137
0.03758138584717473
0.05710059187355379
0.1139672953172701
0.1478336027214177
-0.1466002301337436
-0.000183252712110937
-0.08278372212582567
0.08192728509064412
0.09385925214751625
0.130877409906898
0.04603692524477155
0.07713605199404733
-0.1134366467320131
0.1475314338009168
-0.02112989836949967
0.07497613352313613
-0.07548496510714503
0.1026336679991568
-0.1311697208637654
0.0493537226465619
0.01112943246703809
-0.01707993160480343
-0.01519231389020956
-0.1401356356969836
-0.07134682124458208
0.006012038523973469
0.009516562764155363
-0.1347843611125716
0.05615156618186423
0.1215932206198702
-0.01403598931981701
-0.05619240684371992
0.02875243862686449
-0.0499122311406672
-0.05848082384523787
0.03215102250423774
0.09984717580377203
0.00870466602360708
-0.03600861296754518
0.0435282521004162
-0.01032973591752456
-0.1397979910564099
-0.02918000230750071
0.02635977648739044
-0.1422329593828573
0.09980518430331922
-0.04888051010123572
-0.06789600898109101
0.05222485632623904
-0.02991961119947241
0.1316603737327429
-0.08657743014383983
0.1027990901859015
-0.03371677918218755
-0.07673231208576352
-0.1183461140928383
0.1224893870782447
0.08280012509586122
-0.1032263817980545
0.02852915135061393
0.05448143022719094
0.03266410298891179
0.1221428757832331
-0.06703779223093767
0.1328388496257739
-0.08605209967648866
0.1152805838075408
0.08236170624136381
0.07265605612268804
-0.0707433801485404
-0.02370566301036591
-0.08748831473778977
-0.06056825374413566
0.09693524700341798
0.08876871914105158
-0.05274857225629136
0.04658105826669327
-0.1099760488508306
0.02935934620595796
-0.05116378142361666
0.01009070242731453
0.0109391247070361
0.01220986375016775
-0.0369622078601481
0.1273364059749938
0.08525778671781994
-0.005288401998027652
0.09986142525708383
0.01805599283844814
0.04149587838544851
-0.02155535700768174
-0.07742057350986371
-0.07567466368556407
-0.04925992826425068
0.005467291037425317
-0.09283805486943503
0.01460930580104422
-0.02905132883084708
0.1397623886870625
-0.06255736289195059
0.05024026425959293
-0.03405651581567475
-6.497603838076371e-05
0.1396372626466626
-0.08706694979766019
-0.06130634141396535
-0.06312176459729803
0.1094366081736315
-0.02130829404438679
0.1161359598933054
-0.09172915160247426
0.1387665812381191
-0.02293341164932319
0.07045175980205916
-0.04821178203769197
-0.04561423667843195
0.005898253166543697
0.09649270035279836
-0.09588049731056122
-0.1259310726624661
-0.01199936732314303
0.03244072187692362
-0.05343369116987052
0.0624730784378912
0.1330051496136142
0.1022343628119924
0.1193864665228403
-0.002292166689696235
-0.0769195002185064
0.1093846749214098
0.1232929609971891
-0.07489640677094993
-0.06503429297915256
0.1129268414155462
-0.0120598577823245
0.02364236222790194
-0.1002929865341006
-0.05264657760844889
-0.1476350751786122
-0.1342852724697469
0.005527404958717766
0.1409747105722577
-0.00700196530078468
-0.07392530130199951
-0.05708198970609838
0.09739741243929921
0.08212248172715239
-0.1106352968286536
-0.1485023596792298
0.1061298756952006
0.02739805400390552
0.03377774639808663
-0.09741894450841046
-0.06031046699172576
0.01705365571571018
-0.1450510514328295
-0.09074942192292428
-0.1355929213651432
-0.07218297179857694
-0.1317015631197583
0.09984743632786963
-0.09879279477317254
-0.05651058665781877
-0.1151919117627638
-0.1356758025188602
0.08169256561069761
0.05821218484568387
-0.08596237612582797
-0.1210800124671057
0.06064110429723453
-0.07020191834053739
0.03430885825709237
0.0518498870823246
0.07265048947005404
0.110299724916593
0.1447064449666625
0.0199963267921446
0.04223548071253398
-0.1160690242689697
0.02152199317289866
-0.001778498150310886
0.0614784833592128
-0.09507011139717227
0.05067368424696601
-0.1484452743994805
0.07217440925940963
0.0560124230949549
-0.08935972463688523
0.08673434806621023
0.1339893908829062
-0.07098269204066765
0.0365749414324465
-0.114484004131547
0.022282257288907
0.07108127158970329
-0.1006740209207347
-0.04581618793156029
-0.02040811568471578
-0.03666340927265559
-0.0168454339620966
-0.1093413600784059
0.0437716948094081
-0.1329486105180149
0.0921518458417129
-0.0341886913079377
0.1281268231712011
0.08731625938485575
0.1362294727367353
0.02024730074064314
0.1213806203767069
0.008069610219137158
-0.1311021978598848
0.03311662996074281
0.06330112845616905
0.07007352134811827
0.03451439743339189
-0.01437533022978672
-0.02381187579532927
0.09515419981515504
-0.07739244673753685
-0.03966618945699361
-0.1257974939279763
0.10919649431437
-0.004696894126484936
0.04640281452777692
0.02978468805584291
0.04556091451560359
-0.1490849230249205
-0.1398143682894177
-0.1411529836204309
-0.01640157202675432
-0.09897312741095976
0.05200498359832202
0.0009485992592405322
0.142528616683828
-0.1309618647194349
-0.02108797000559518
0.08034962364053844
-0.1446265839176016
0.1498472568575867
0.05196245831730094
0.01372135501251693
-0.1312321851986433
-0.0650989576497315
-0.07348499604488226
0.08866225258468304
0.119537160704952
0.06261454756079561
-0.08488158380663492
0.065147903505247
0.1352501141609193
0.02539165384984282
0.08936624823530449
0.09455105613028228
-0.1287251125959064
-0.01364483579708915
-0.02485350227313621
0.06681106261658003
-0.01273541400368886
-0.01431145127055058
0.07582621851163864
0.1209039992265183
0.03726644346377257
-0.02083361331039506
-0.02745178671261194
-0.001317217034787711
0.102597338139346
-0.03844641598732559
0.004461317053290031
0.1025105356225195
-0.1361509853823233
-0.131875427731329
0.1213336242939854
-0.05072126064146851
-0.05491822818305078
0.06026786616544576
-0.08071272157780857
-0.1423598597006155
0.1252385057142792
0.1341805806467078
0.1428858772633343
0.0007017005754043932
0.07357622244819685
0.08759891654051583
0.02216811863297724
-0.09008578857009777
-0.08722636418717013
-0.06112857551700146
0.04731674521096194
0.04872608208015731
-0.1348007428986079
0.01868763362062452
-0.06415620449895627
-0.005339497344973288
0.1417625467907231
0.1164999197483464
0.1433576477186973
0.09443527798692396
-0.07193336511725255
-0.002246353473927919
0.04672487650314432
-0.05834784268847894
0.01583485791243943
0.01810296716156604
0.04094392349693489
0.1109469378650043
-0.07154019178379806
0.1102386165983038
0.1184019403514836
-0.09629768735291652
0.09424223090977554
0.1113968741306439
0.05428981037206453
0.01781970289781764
0.04901111871079526
-0.0737422178346223
0.07797829717397467
0.1117353771694191
0.01534847018125051
-0.02430948818374241
0.01049364669201927
0.03049707072855683
0.1441263094237226
0.09606598557796045
-0.1245632118182519
0.1360422499559239
0.06285099338970734
-0.1314835446099087
0.08022416389832435
0.1407582494511738
0.01667860658541938
-0.02296811073067692
-0.06712929195070723
-0.1176863660987096
0.1456356928701775
0.1241298884836727
0.1433594313752358
-0.07632379626560191
0.08434553750807837
0.1117229626573482
-0.02273457456901145
0.02925995036838756
0.0737492597720552
-0.1179052023952784
-0.1026082005436791
-0.02661642041673394
-0.04083613801862699
0.1261907762676232
-0.06414539717390873
0.1247062312687088
-0.0482572481838876
0.09671981885030705
0.005581497565912748
-0.05393229459483901
0.04340334314694471
0.03100293966941506
-0.0678178360977021
-0.0435444019952036
0.0495614345921802
-0.1374954874921526
-0.05254939210104143
-0.08375557739986819
-0.009967073460904363
0.03020363159287567
-0.05095200618200403
-0.01451176209743556
0.004767680970678781
-0.05743469047567269
0.06011537348560338
-0.06038866892525695
-0.09464092280307312
-0.1121045406368047
0.1194209061707383
0.1299433299851901
-0.07934609473593204
-0.1327994831358605
-0.04648434459636504
0.02967558305720601
0.1438047070846662
0.0395085411509627
0.004378179728361634
-0.05477852445381888
-0.01346811710144228
-0.1395762902275929
0.04151262198355331
-0.1200885505445151
0.04153894756629722
0.1237864174844789
-0.01349342984764196
-0.05845722803274331
0.1364589278797665
0.08413249426154337
0.008290919991248228
-0.02369983907118442
-0.03510059851751762
0.1077090017679795
0.1124273971172534
0.1202323048289522
-0.09926435374410997
0.02296740759834188
-0.04315636651331053
0.0615031277020453
-0.1193909943540733
-0.06291109650010938
0.1324411920580868
-0.1017681864480301
0.04104796107441557
0.01254831325615063
-0.1079562955471546
-0.0691488997085377
-0.132639699224061
-0.01237010395620084
0.06739360015202812
-0.1222152686588132
-0.1208036750590704
0.09731197455240237
0.06929122590940467
-0.1469819168699165
-0.0661627096848314
-0.1391672487895541
0.1396022477701538
-0.1317949102842257
0.01921779417143399
-0.03354465894728881
-0.01643077977158927
-0.02307560564435791
-0.07067473990145565
-0.04569595113761327
0.02792294843975559
0.1024686248975202
0.01520128787427316
0.1347656461955895
0.01399742906312965
0.04580294723841414
-0.07817093475844615
-0.003538949862077906
0.09409722243336771
0.1129030061990616
-0.1410522089831212
0.1361114566918989
-0.1062535666898586
-0.1236259672954757
-0.02628256695796491
0.1112510213497175
-0.09582616115213095
0.002919740480828988
0.05854562728780555
0.1235768859799009
0.006112550843592807
0.1424455357283455
0.1343672447938905
-0.004501880253331861
-0.1394492245173595
0.003425284162973971
0.111994913420931
-0.005781522289299436
0.130420046253864
-0.1087425195978022
0.09838914618513304
0.008342507272311745
0.1437912661204406
-0.03633305128290731
-0.006911397435332504
0.007842638587052999
-0.1404921826933613
0.06496169644964507
-0.1458042055151352
0.1034829879493103
0.02786287602076639
-0.1368246974039923
0.08951029676097526
0.07160539196939036
-0.1103831446874499
-0.0868089469992306
0.03266518717581018
-0.05628003183754096
0.06606870427113289
-0.05879194277073813
-0.08293128351633715
-0.07810124849691154
-0.06667256864552902
-0.09876941027411659
0.06723826165085409
-0.05636190050381862
0.05462440275580601
0.02913964427036217
0.08764784914917814
0.03492259838847563
0.07035704684460399
0.0359487014242486
-0.1067208661548434
0.06432750006579295
0.1494995978843678
0.03627661651695414
-0.0781138878463342
-0.1411570746071094
-0.04911852994665262
-0.07404280536600025
0.1121824825555261
0.1286617625155786
-0.06079381548274092
0.05167505143097986
0.05021344141388519
-0.02147584935455363
0.1146890253394227
-0.06742250650461852
0.07217293200653822
0.03057970812592715
0.02341193535683303
0.1390759749736341
0.1022973045298101
0.1066745325283186
-0.1098188086038461
0.01951507816296509
-0.09968730138885463
0.09496025445551759
-0.1013518028521651
0.1378235120155618
-0.02025165470501013
0.1189725227304174
0.02378781068551075
0.02288461983048041
0.03302813515186297
0.02321906863987819
-0.09107473995435561
0.1047712227635988
0.03211972185079631
0.009926807499410321
-0.1193235158718707
-0.0058880114007444
-0.01154686548419382
-0.03027371861199291
-0.1044733926568835
-0.1116874739968298
0.09826551966232794
-0.02935875295380538
0.02002635378381793
0.04045583989044239
0.143995111295611
0.008995171329758434
-0.007321865090125962
0.1005400093352484
0.04919891404648681
-0.1378485090155011
-0.1492474092026887
-0.005969706639474729
-0.08924942950646879
0.1385529544025723
0.1237543094816144
-0.1202925714508868
0.01232571541363011
-0.003380134057240316
0.06272328866985792
-0.1143967598706414
0.05560880184613069
0.01751579765324998
0.06748644189875226
-0.08465312829091035
0.04815727879194774
-0.08843110811686099
0.05363205984641863
-0.1321976205828879
-0.04295295985936408
0.0918990387387951
0.1158075360730234
-0.03290987898269451
-0.0874538305743579
-0.01415882387455952
-0.1425139988168641
-0.09347888213382508
0.1448099196973909
0.0002544204655075091
-0.1429348052124367
0.04402253150564747
0.01233901484588406
-0.1421766683742874
-0.1119551018639195
0.07312457391134101
0.1463938692002533
-0.1382297220440105
0.1028158295642542
0.008643931985507889
0.008415069650718605
0.01551608963758531
0.044191570736974
-0.0859616178839796
-0.116957986800143
-0.03823117486416278
-0.02054803421933994
0.08125098714944157
0.02343807724516622
-0.1169247747886647
0.0988945760275832
0.1304032308776589
0.1249517469323666
0.06471806203268711
-0.05247349410779117
-0.1124569786876085
-0.09940549751515815
-0.04498348229048726
-0.05594172150229243
-0.1046603859689734
0.1051904898990605
-0.04881152240847333
0.08938163791588233
-0.03242088106375984
-0.04102926449030228
0.1273812951557388
-0.1093493207707233
-0.04466236919246717
0.1393542221688261
0.1435039043659754
0.114085637814229
-0.002327374639363444
0.009014948497113172
0.008445505295658745
0.0619680492657319
0.0422862105813515
0.1204509875884362
-0.1085735797316802
-0.02647448184423488
-0.006112239150898788
-0.07542244758828209
-0.07745045627118084
-0.02561549654741493
-0.100303631100444
0.1373349446549147
0.07192286532471312
-0.06280279418285017
-0.1121448577344749
-0.1229881150242018
0.03118965246414179
-0.06653015259078887
0.1323591898891477
0.1326753091723533
-0.1271492809910884
-0.05002207858287857
-0.05835813086031857
-0.1495246614527169
-0.00922378758381485
0.04700218805868358
0.1398998830270999
-0.01556088673512912
0.01146945207678604
-0.01212076421150165
0.1436254883650099
-0.129961130552027
-0.1001045264510944
0.0359197630291418
0.1403748219172226
-0.05876494571287526
-0.1405627698842803
-0.01558515434134185
0.01590195529067914
-0.06792911245541602
0.1088093755731427
0.0655383925321297
-0.0805728657791062
0.03076308482819429
-0.1472203539799875
-0.0425366762766963
0.05775214147305421
0.03411853981192119
0.0409086732634644
0.04008815738346436
0.0167590946780543
0.06395043999510833
0.1400770047735228
0.1085024982333389
0.06454925972949302
0.005813129510376407
0.05466826530435676
0.1156986073617505
-0.1326931447140178
-0.1074064265063774
0.1093979406569168
-0.1125991937746966
-0.05749635989492338
-0.004620376146904421
-0.1221940917950632
0.03382615315284012
0.00492786442238997
0.01237050337326393
-0.1002214009786082
0.08697540105998071
-0.02881525185493184
0.1153210187760748
-0.1435778430491476
-0.1481663275930918
0.1182584196462249
-0.03613516072137787
0.05970980029851464
0.002215233522531313
-0.1450962146835561
-0.05000262596893454
-0.1309439223608082
0.0689610126178703
-0.05986158188587701
0.127657023760321
-0.01649220805400011
0.07152407482821244
-0.01657796030103958
-0.1119936334203729
0.03730995823874484
0.0008034236105153153
-0.06938047114611279
-0.00357418266852586
0.03821872105477829
0.02296601409747279
0.1416274343808508
0.06571353057360416
-0.09314413947310431
-0.003003270387596099
-0.07191397267340434
-0.04319924425530537
-0.06629185059464725
0.04975796618189462
-0.07841829043175158
-0.05988914264608459
0.05155811256619367
-0.1100555900353279
0.05401819200360627
-0.03913407115447825
0.04209825703313197
0.0591783623351284
0.06082634477855952
0.06149041383261229
-0.02191537572066519
-0.1490812608712148
0.03919815890311436
0.1114724883585272
0.07299553348469698
-0.1270584514861872
0.1490956313452388
-0.04039882532826519
0.02322284600933107
-0.06936803883486316
0.1063122966689513
-0.08861923267925678
0.1037978792038089
0.09864767805358061
0.1273717512228815
-0.1396961361638695
-0.05475273617108333
-0.09441370636582874
-0.03245399572709461
0.0294376994627418
0.1048443077643493
0.0394730338262257
0.1193160610897578
0.006680200043626853
0.07991422992827357
0.02405324188631714
0.1178430002950719
-0.02767907644148898
-0.06682637077024045
0.02891830358253109
-0.1162002406446738
0.06120171649629334
0.03023041129802165
0.07262305179070226
0.02313191742364373
-0.0464304668544478
0.09560353861258206
0.02237994463466145
0.06292570857825669
-0.03099069277326437
0.1025061681314126
0.0196100589253607
0.0300786131904201
0.05660892066844816
-0.03221252463708935
0.007317849183496956
0.06746928671484437
0.06296521875784435
0.06347179761141077
-0.1152333555368268
-0.05767567890126116
0.01880099037886422
0.07441162485525479
-0.08762814961205551
-0.1244795285126261
0.004527096495613295
0.08637424047971061
0.1435230920875804
0.1267814556285113
-0.1303645104568793
0.02261382288415431
-0.1391778985728971
0.08095619841262409
-0.09717775509756209
0.08375192103119498
-0.04625016326479479
0.005832710100258124
0.02915093762228556
0.1261606573211663
-0.08088891476321927
0.1481439635735942
0.07906682539841876
0.0879494187507989
0.0275662785719359
-0.01464374994591533
-0.0936539710343106
-0.1143270135230312
-0.09727312460688321
0.09971285791967383
-0.06222280564480693
-0.08747108440318919
-0.03121274894275209
-0.1374798821480803
-0.02485913640204513
-0.005378088773891353
0.01719886632407942
-0.0882486551060415
-0.01159768533691596
-0.005919998244092226
-0.06850884862918598
-0.1391865209977474
0.004979590095284331
-0.1374455421217133
-0.08626820232793893
-0.06131571476936076
-0.03375240585058235
0.06962175103039427
0.1179886571482738
-0.05759268428682609
0.1382486166361762
0.1157325031208436
-0.1287068958196838
0.07668841515256641
-0.005901934906655248
0.006722047310761308
0.1328141805526503
0.03007005358283208
0.05940976660120802
0.1025280998598055
-0.02021098548518459
0.1471776616200552
-0.1347640649186247
0.09848428422324752
-0.1404761316250987
-0.009578357417760287
-0.05677799107113008
0.02699375777131562
0.05204985822117142
0.08204918455682839
-0.1289322821910216
0.1336692445142189
0.09272569620546571
0.02626949609946112
0.146923374522783
-0.1434241918296693
0.1158808648980855
-0.03708433863252025
0.07621823047035249
0.0834555515045156
0.05535882340731844
0.0651121828467541
0.04976638048987953
0.07638658792742022
-0.008814818410412203
-0.1074084647049394
-0.06665306075119555
-0.02579096610077372
0.07349984651636871
0.1425472730708502
-0.07316151831417371
-0.09707567847030325
0.1398602121108644
-0.05779373040673622
-0.1484843440662759
0.150048819138328
0.0825459232279722
-0.05488209949562392
0.02689911479112361
-0.01559454335045048
-0.1241100366446396
0.04843858912028871
-0.03142528309541395
0.1194764730654318
-0.07521981091816662
-0.03504631805608167
0.1256337989303435
-0.1104375824014683
0.07715030798231017
0.05107796847753646
0.1210040666252448
-0.01926577277742191
-0.03610163187858238
0.01950291783091265
-0.09321582264829209
0.1046415745739932
0.06206535698276137
-0.01048812588516381
-0.07170161898055546
-0.01485962470562387
-0.01769829007721866
0.004881270641810302
0.03756112178088956
-0.02844669880230277
0.09659093570991618
0.03829182519451065
-0.02846136427144823
0.02802015712797282
0.1328839254208313
0.1476188327077728
-0.1370892356257541
-0.1414017677100164
0.0445276843730518
-0.02038500921126395
0.1261700337994075
0.1184128845027709
0.09311364507488437
0.1001952761051117
-0.1438087700111792
0.01842430443910099
1.843750678280843e-05
0.1272890987961413
0.1492174555089959
0.1137411724734636
-0.003103784115821089
-0.09431015576265232
0.06794307963546921
-0.09169211530216297
0.04493942389082192
0.1462578559081132
0.04301795881625892
-0.1232157397276784
0.0007693628209503049
-0.06994847169554672
-0.002141945674654662
-0.05274358952003919
0.1189562486556791
0.1184067619107043
0.1248906981031511
0.1009235177736276
0.1157076392677958
0.1362331867386835
0.1082996520319859
0.009528772093625232
0.08312674941540261
-0.02378811484649008
-0.09389820976364342
0.03275382108422433
-0.01804175883522233
0.0740709786849678
-0.1178109675812151
-0.04128499672331114
0.07276859064823092
0.1455047077188427
0.1049707929764393
0.1282334683366533
0.06349422584264831
-0.1366857512391813
0.02321269645937509
0.05976262441613336
0.05632275145654356
0.04990618461214822
-0.08944203012873742
0.1363281478958819
-0.1022360565134192
0.007170409277434894
0.1043259933828031
-0.1339744980695773
-0.0185378072392512
0.05432448609927595
0.1308741043571419
-0.03305094600052536
0.01192206339197597
-0.01033692512237782
0.0810411960337486
-0.05494406140079864
0.1158751748041832
0.1371458140475551
0.1278147780168865
-0.05216308755592521
0.06121536931579056
-0.1400064529724516
0.05655514507072831
-0.01603168420680935
-0.1444860663319055
0.01153487903733448
-0.03777645862220085
0.06904462633978253
0.02483977344872707
0.1353873587273784
-0.02122911446956978
-0.06885429192458366
0.03529611274633579
0.03930413715730005
-0.082500048378952
0.08308982027988525
-0.1034493022945916
-0.1281601191439401
0.09907841084803803
0.02801968809663828
0.07616596902332907
0.07996970006884811
0.1449864302838381
-0.06190857861303017
-0.08036580804565104
0.07607665567916974
0.03315964582815196
-0.1145898321111283
0.06313503251497762
0.01093646251109287
-0.01661696142360517
-0.02563564507868646
0.02094287354532204
-0.1101271126298823
0.1083595603740779
0.02646953280148277
0.05143044165302617
-0.07939350976430233
-0.05450657758671727
-0.0736840076814495
-0.09397972424866102
0.07430480918507545
0.007442155816096061
0.09136287678787725
-0.03634539714518852
0.07497066614577839
0.02445380581970154
0.0102026927565237
0.09680652411040221
-0.02643455168066293
-0.1117707378831647
0.02298427440770177
-0.09645068496046201
-0.1167663592224784
0.1109990116174926
-0.02682112534322958
0.1092718243130125
-0.005808657202185779
0.008622993278400831
0.02244699531877874
-0.1448031572775209
0.1420732926595651
0.1468644408934313
0.02609707170472005
-0.118066357755544
0.1052508291055748
-0.09733393833519115
0.08337053250641258
-0.1241284620935296
-0.001830853246030477
-0.1403637092639088
-0.06811847135051659
-0.07752593213021307
0.01708402590537131
-0.1267494011296449
0.03615959689904273
-0.05797216750814822
0.047678918099738
-0.1036522871759702
-0.1111587405135035
-0.1287646763188657
-0.06541355603117061
0.06185373699647131
-0.07517046170304878
-0.03217445303283471
0.02294153481779214
0.04802372868548346
-0.07289266542274789
-0.1328109034546978
-0.0932711478337974
0.09948254023671838
-0.1276018768404773
-0.1012233943794249
0.09641125897596897
0.04854921719151584
-0.0692492843909992
0.05171525738589304
0.1012360079586307
-0.1359051231062968
