0.1273574606275329
0.06065564484067591
-0.1161535947098499
0.09241091930950315
-0.1375325935066817
0.1450804471397485
0.02941271317344877
-0.03573682159676134
-0.07722813568179583
-0.0874316625884842
-0.03718682260373557
-0.08342184863678266
-0.03620856445125613
0.1445656626349621
0.02880410680584471
-0.003926140445230051
-0.1483447059809397
0.07867885159596402
-0.09626398418821315
0.05073465696749721
0.1420485247091504
0.09979791500007322
0.02975822427280696
-0.06264650471826061
0.05667637846325646
-0.1250079110558048
-0.08702055255627519
-0.01758689204962515
